x,u,c,t,target,target_with_noise,equation_name,varied_variable_name,Predicted
5.0,1.0,14.151692221945012,1.0,4.010024053725083,4.017106127680169,Feynman17,c,4.009574002087548
5.0,1.0,7.105896266430371,1.0,4.040207057046285,4.0403438552477855,Feynman17,c,4.040037375512597
5.0,1.0,3.555775530935949,1.0,4.168231348960618,4.16725440902052,Feynman17,c,4.167823647898572
5.0,1.0,17.106214300318378,1.0,4.006852310519969,4.015697384708461,Feynman17,c,4.006965537216262
5.0,1.0,9.196685142664233,1.0,4.02385829861934,4.017796460891092,Feynman17,c,4.025065471167494
5.0,1.0,9.888620457625706,1.0,4.020611295552566,4.034651199074887,Feynman17,c,4.021564187784839
5.0,1.0,9.010556204797302,1.0,4.0248634534739,4.0529969506729895,Feynman17,c,4.026086966098562
5.0,1.0,13.678525233010324,1.0,4.010732393699546,3.9894004795464024,Feynman17,c,4.0101795703140395
5.0,1.0,19.886287446038803,1.0,4.0050669564068935,4.009602622691827,Feynman17,c,4.00571052267162
5.0,1.0,11.92973418772539,1.0,4.014127474753422,4.015256305213192,Feynman17,c,4.013794200225878
5.0,1.0,18.589928773280647,1.0,4.0057998707500255,4.0276346025724505,Feynman17,c,4.005972392797937
5.0,1.0,16.862329560851286,1.0,4.007052486131621,4.015218573859193,Feynman17,c,4.007162260757017
5.0,1.0,7.158106281279336,1.0,4.039613959039619,4.039878440323311,Feynman17,c,4.039510651516831
5.0,1.0,12.060415267655856,1.0,4.013821395821252,4.042833862020812,Feynman17,c,4.013432006195458
5.0,1.0,14.541348686143355,1.0,4.009492145294036,4.010670629772341,Feynman17,c,4.009150996275952
5.0,1.0,8.700229151117206,1.0,4.026686893164966,4.04377630041281,Feynman17,c,4.027877439498183
5.0,1.0,16.45444195360179,1.0,4.0074074505150445,4.002101038458813,Feynman17,c,4.007495264497971
5.0,1.0,7.190777251923349,1.0,4.039249504780643,4.020492329052686,Feynman17,c,4.039187552495655
5.0,1.0,11.89035113245479,1.0,4.01422171591264,4.0242193599541665,Feynman17,c,4.013906561961132
5.0,1.0,16.10226929618824,1.0,4.007735961276326,4.010404359776616,Feynman17,c,4.007783556536831
5.0,1.0,3.282443862664948,1.0,4.199633651332071,4.2132458744049055,Feynman17,c,4.194685894688596
5.0,1.0,12.128343267355081,1.0,4.013666216485863,4.025687451043911,Feynman17,c,4.013250158896409
5.0,1.0,13.730654393358048,1.0,4.01065073103284,3.98964829534707,Feynman17,c,4.010106950484443
5.0,1.0,12.65071286535543,1.0,4.012555704619438,4.015755418517606,Feynman17,c,4.011994352869269
5.0,1.0,11.177654114662566,1.0,4.016104427646649,4.010098938197944,Feynman17,c,4.016199396770991
5.0,1.0,13.308338572780583,1.0,4.011340342161409,4.037172422054645,Feynman17,c,4.010744282845391
5.0,1.0,14.709895108374125,1.0,4.009275116075525,3.9925537253715304,Feynman17,c,4.008984014952075
5.0,1.0,16.032434353366007,1.0,4.007803699266369,4.005340020173764,Feynman17,c,4.007840760895985
5.0,1.0,14.687693492206469,1.0,4.009303275392531,4.007353977074349,Feynman17,c,4.009005548045669
5.0,1.0,9.508802645116884,1.0,4.022304841174137,4.036204450653341,Feynman17,c,4.023430902379728
5.0,1.0,9.193413883444231,1.0,4.023875432810092,4.007122888921877,Feynman17,c,4.02508311110911
5.0,1.0,18.255855810805027,1.0,4.006014565770367,3.9885048206541422,Feynman17,c,4.006145334020866
5.0,1.0,18.968616522189194,1.0,4.005570127026106,4.018686556352839,Feynman17,c,4.005829019082019
5.0,1.0,11.362045183124938,1.0,4.0155829279543,3.995504500859631,Feynman17,c,4.015558981707706
5.0,1.0,4.938737615442971,1.0,4.084607691155571,4.075891943493516,Feynman17,c,4.084253249663871
5.0,1.0,6.578765004098672,1.0,4.047027079729116,4.042894484118404,Feynman17,c,4.046210550001411
5.0,1.0,15.355347442081296,1.0,4.008509319192867,4.026324575645803,Feynman17,c,4.008402873801424
5.0,1.0,7.221130072787434,1.0,4.038915419999901,4.047448279694413,Feynman17,c,4.038891720678752
5.0,1.0,16.824454877259004,1.0,4.0070843590417375,4.030299537329379,Feynman17,c,4.007193045266502
5.0,1.0,14.96379309473866,1.0,4.008961985871483,3.9778803834756693,Feynman17,c,4.008746292913248
5.0,1.0,16.99658016063358,1.0,4.006941226404358,3.9960832621854445,Feynman17,c,4.007053589342597
5.0,1.0,13.857487454356901,1.0,4.010455896305898,4.003775222314059,Feynman17,c,4.009936727790848
5.0,1.0,4.184504806166777,1.0,4.119357341494919,4.1256375190128685,Feynman17,c,4.120759783995192
5.0,1.0,8.99018005364457,1.0,4.024977345770842,4.021158917754535,Feynman17,c,4.0262010614750325
5.0,1.0,17.86612019217286,1.0,4.006280459155088,4.011096543598932,Feynman17,c,4.006392678427448
5.0,1.0,7.2274330403378855,1.0,4.038846582603535,4.047791595570093,Feynman17,c,4.038830803342929
5.0,1.0,19.596127879220187,1.0,4.005218415953168,4.0095659315035,Feynman17,c,4.00571931049361
5.0,1.0,19.650010683786356,1.0,4.005189780438635,3.9975772923672683,Feynman17,c,4.005716277516436
5.0,1.0,7.316124477287038,1.0,4.037897091408304,4.047538808328364,Feynman17,c,4.037991704533296
5.0,1.0,18.110269948427952,1.0,4.006111877550233,4.004282196247222,Feynman17,c,4.006232620007677
5.0,1.0,14.073058878523456,1.0,4.010136813026461,4.032544245817678,Feynman17,c,4.0096668677689875
5.0,1.0,7.578502728398489,1.0,4.0352841929413525,4.02830789795356,Feynman17,c,4.035688221866132
5.0,1.0,15.805991420501723,1.0,4.0080295772976715,4.002613815071073,Feynman17,c,4.0080266867474466
5.0,1.0,11.777935167546929,1.0,4.014495977966616,4.0205302231599,Feynman17,c,4.0142355128215526
5.0,1.0,7.200873825029502,1.0,4.039137896452187,4.020026273837264,Feynman17,c,4.03908868832761
5.0,1.0,19.57270104838,1.0,4.005230939944123,4.009464575666432,Feynman17,c,4.00572088155219
5.0,1.0,7.246912404197599,1.0,4.038634996330503,4.043477251337265,Feynman17,c,4.038643637734575
5.0,1.0,7.476539060561451,1.0,4.036266371199351,4.04264670460831,Feynman17,c,4.036553855232068
5.0,1.0,11.478399922843622,1.0,4.0152668039703725,3.986122948339999,Feynman17,c,4.015171792734835
5.0,1.0,17.088184615993008,1.0,4.006866815121755,4.006416762864182,Feynman17,c,4.006979965381714
5.0,1.0,6.7754994877373536,1.0,4.044290886132429,4.0339570716832505,Feynman17,c,4.043704649643896
5.0,1.0,15.407187400390407,1.0,4.00845197226837,3.978942125783806,Feynman17,c,4.0083588640978265
5.0,1.0,14.356635487310665,1.0,4.009738867909988,4.021142081346815,Feynman17,c,4.009344382483052
5.0,1.0,10.805639424608394,1.0,4.017239699064993,4.0090746754874855,Feynman17,c,4.01759045087865
5.0,1.0,7.947379519991636,1.0,4.032046226663628,4.028943709905196,Feynman17,c,4.032818590881137
5.0,1.0,10.875203008881739,1.0,4.017018450839601,4.026879003748843,Feynman17,c,4.0173203820167345
5.0,1.0,10.41079878769581,1.0,4.0185814628673615,4.030603311360876,Feynman17,c,4.019208289409314
5.0,1.0,5.257220501135842,1.0,4.074387979806134,4.071775313868428,Feynman17,c,4.073459186174336
5.0,1.0,17.797057044399576,1.0,4.0063294135335745,4.020305391341249,Feynman17,c,4.006440664868205
5.0,1.0,13.441805359647427,1.0,4.011115323543646,4.031497521441322,Feynman17,c,4.0105303100316245
5.0,1.0,16.582012820463106,1.0,4.0072936023194945,3.9962593192571303,Feynman17,c,4.007390886643124
5.0,1.0,8.249237189171575,1.0,4.029718128477704,4.027643457026548,Feynman17,c,4.030715879345277
5.0,1.0,5.960739874011075,1.0,4.057506568788719,4.0444236069949655,Feynman17,c,4.056219856638273
5.0,1.0,16.918412785706995,1.0,4.0070056840366615,4.014624730589818,Feynman17,c,4.007116769416019
5.0,1.0,13.698726510451714,1.0,4.010700636246768,4.021201446607592,Feynman17,c,4.010151239258577
5.0,1.0,11.941873015511321,1.0,4.014098616449912,3.9954217436347834,Feynman17,c,4.0137598679870825
5.0,1.0,10.07926969519361,1.0,4.019833191095071,4.024488582676784,Feynman17,c,4.020675881903154
5.0,1.0,8.451750669767696,1.0,4.028296064110399,4.028067540857617,Feynman17,c,4.029402070307753
5.0,1.0,12.175775601987915,1.0,4.013559405826843,4.032706047798632,Feynman17,c,4.0131257638060305
5.0,1.0,13.64706685341442,1.0,4.010782130506068,4.000022504160358,Feynman17,c,4.010224172552203
5.0,1.0,4.700328478968727,1.0,4.093719864769869,4.128270979971875,Feynman17,c,4.093933973251859
5.0,1.0,16.736854190837274,1.0,4.007158911905612,3.968636688125798,Feynman17,c,4.00726440214221
5.0,1.0,5.165055419722182,1.0,4.077144393055453,4.100407531989357,Feynman17,c,4.076355797360433
5.0,1.0,16.93503380877407,1.0,4.006991903157343,4.027080268691365,Feynman17,c,4.007103311618572
5.0,1.0,12.165175408265954,1.0,4.013583166803492,4.0202746872000015,Feynman17,c,4.013153379968529
5.0,1.0,16.940348153326013,1.0,4.0069875054957045,3.9932404537991735,Feynman17,c,4.007099011206401
5.0,1.0,11.851981701976317,1.0,4.014314442990743,4.006097486332265,Feynman17,c,4.014017467427156
5.0,1.0,15.38966750044663,1.0,4.008471288215092,4.016196275316994,Feynman17,c,4.008373708824966
5.0,1.0,12.153488570794295,1.0,4.0136094361420005,4.014765231011711,Feynman17,c,4.013183949542095
5.0,1.0,10.220362395003784,1.0,4.019285434859411,4.012101977228572,Feynman17,c,4.020039285721244
5.0,1.0,5.242057454116667,1.0,4.074831116783379,4.063544676663702,Feynman17,c,4.073923858465078
5.0,1.0,10.01707466308509,1.0,4.020082103912314,4.023865207365749,Feynman17,c,4.02096212299949
5.0,1.0,9.473307646276256,1.0,4.022473713709993,4.029266279121967,Feynman17,c,4.023612086999558
5.0,1.0,11.888183724486884,1.0,4.01422692978406,4.027887073168603,Feynman17,c,4.013912788986558
5.0,1.0,8.43109812316432,1.0,4.028436343721608,4.047273130970577,Feynman17,c,4.0295329292226345
5.0,1.0,10.186847080219643,1.0,4.01941347085475,4.044409374764437,Feynman17,c,4.020188897141273
5.0,1.0,10.632666584381074,1.0,4.017808956368714,4.041235250087152,Feynman17,c,4.018281545816889
5.0,1.0,14.692272657152179,1.0,4.009297456930286,4.035219455318381,Feynman17,c,4.0090010958903495
5.0,1.0,15.594008489250799,1.0,4.008250047617134,3.992367563449532,Feynman17,c,4.008202113355905
5.0,1.0,12.802462445545276,1.0,4.012258457651197,3.9822197757573123,Feynman17,c,4.011674927612313
5.0,1.0,17.982129669226975,1.0,4.006199497462812,3.9971588503853437,Feynman17,c,4.00631465088133
5.0,1.0,19.69266562132302,1.0,4.00516727879332,3.9887405083012535,Feynman17,c,4.005714408492185
5.0,1.0,11.634876520406994,1.0,4.0148566458211645,4.027625868624228,Feynman17,c,4.014671815790453
5.0,1.0,10.986347461546995,1.0,4.016673709839545,4.0131442736261365,Feynman17,c,4.016898338439642
5.0,1.0,17.620380993689338,1.0,4.0064572864681,3.99459095938501,Feynman17,c,4.0065679962724134
5.0,1.0,18.500622730400607,1.0,4.0058561233896155,4.026796715711963,Feynman17,c,4.006014608793217
5.0,1.0,6.871033042708108,1.0,4.043048008171379,4.051279772575827,Feynman17,c,4.042580082821154
5.0,1.0,8.345336367610887,1.0,4.029030215808975,4.0170217349423005,Feynman17,c,4.030083738137058
5.0,1.0,11.204520867561005,1.0,4.016026824026817,4.0217445298016266,Feynman17,c,4.0161040449660375
5.0,1.0,12.40363723165432,1.0,4.013063373579224,4.035906014239785,Feynman17,c,4.012557400355713
5.0,1.0,13.072680803702454,1.0,4.011754706319645,4.006217420340833,Feynman17,c,4.011153211065453
5.0,1.0,6.210831752558006,1.0,4.052878172874733,4.058129972190939,Feynman17,c,4.051719194558742
5.0,1.0,17.165743674896902,1.0,4.0068047453047075,3.991924106896691,Feynman17,c,4.006918066960978
5.0,1.0,10.337430424238093,1.0,4.018848030936736,3.992388267083389,Feynman17,c,4.019524583060545
5.0,1.0,9.102458635805919,1.0,4.024359350810004,4.0404575239310345,Feynman17,c,4.02557800535799
5.0,1.0,4.391612434843596,1.0,4.107916004268653,4.116940198960443,Feynman17,c,4.108911820632555
5.0,1.0,9.192529586391547,1.0,4.023880067756918,4.046768087900983,Feynman17,c,4.02508788146908
5.0,1.0,4.06063835935858,1.0,4.1271061978468335,4.132461735431088,Feynman17,c,4.128628546200661
5.0,1.0,5.143230092958439,1.0,4.07781977821732,4.0708307609213294,Feynman17,c,4.077067608926475
5.0,1.0,6.721759306895889,1.0,4.045013971855662,4.043166771438085,Feynman17,c,4.044362728822337
5.0,1.0,19.08107763146404,1.0,4.005504526277724,4.016790759885189,Feynman17,c,4.005797942029304
5.0,1.0,5.725512497807833,1.0,4.062442324458986,4.07382719147157,Feynman17,c,4.061143760304908
5.0,1.0,9.800048501989735,1.0,4.020988495934527,3.995432867226092,Feynman17,c,4.02198787826392
5.0,1.0,13.878473358373745,1.0,4.010424175470226,4.018180190899246,Feynman17,c,4.009909412998402
5.0,1.0,4.90440058033947,1.0,4.085835100408487,4.127768203194205,Feynman17,c,4.0855566188800365
5.0,1.0,17.033147396511115,1.0,4.006911377954043,4.030639107574947,Feynman17,c,4.0070241398890865
5.0,1.0,11.892914735637437,1.0,4.014215552667924,4.002476656167469,Feynman17,c,4.013899202492199
5.0,1.0,16.330875054433214,1.0,4.007520288462025,3.9755654736070234,Feynman17,c,4.0075964086204685
5.0,1.0,13.24084700853304,1.0,4.01145674375839,4.00983736823266,Feynman17,c,4.010857230566678
5.0,1.0,11.523335849670042,1.0,4.01514729265481,4.020130680746194,Feynman17,c,4.015025778213909
5.0,1.0,15.151798390600915,1.0,4.008740237965694,4.019124571663009,Feynman17,c,4.0085786032805055
5.0,1.0,7.609955278957204,1.0,4.034989300721941,4.033859659016676,Feynman17,c,4.03542815544762
5.0,1.0,10.01784648572622,1.0,4.020078986251453,4.0381108319863745,Feynman17,c,4.020958549772709
5.0,1.0,11.7766102388963,1.0,4.0144992576500895,4.034629708340916,Feynman17,c,4.014239462618875
5.0,1.0,16.100374111775608,1.0,4.007737787880794,4.013556363543997,Feynman17,c,4.007785108547752
5.0,1.0,11.936698350459073,1.0,4.014110907624223,3.9936361834767156,Feynman17,c,4.013774486195993
5.0,1.0,17.984452445859716,1.0,4.006197892454061,4.005799440833857,Feynman17,c,4.00631312369976
5.0,1.0,11.935543210487761,1.0,4.014113653580171,3.9948431265367517,Feynman17,c,4.013777752925544
5.0,1.0,4.136840787693057,1.0,4.122251713936328,4.156562264475107,Feynman17,c,4.123714882692145
5.0,1.0,9.326210386630898,1.0,4.023194462592217,3.9981934989853047,Feynman17,c,4.02437565725982
5.0,1.0,15.369569527954335,1.0,4.008493528271905,3.9948024265413906,Feynman17,c,4.008390773886978
5.0,1.0,12.677051429994888,1.0,4.012503341296102,4.046847257229606,Feynman17,c,4.011937500059696
5.0,1.0,7.062501888313182,1.0,4.040710257891139,4.01827423956523,Feynman17,c,4.040485252925846
5.0,1.0,18.09128331694591,1.0,4.006124742493122,4.014608562899609,Feynman17,c,4.006244480463574
5.0,1.0,11.634973194563951,1.0,4.014856397559449,4.007178771555259,Feynman17,c,4.014671514246981
5.0,1.0,17.378719902987715,1.0,4.006638570065497,4.019607818238963,Feynman17,c,4.00675085703627
5.0,1.0,11.618342925492689,1.0,4.014899196402607,4.01642217822949,Feynman17,c,4.014723520454418
5.0,1.0,16.11659679243319,1.0,4.007722173164807,4.016060310806244,Feynman17,c,4.007771823975874
5.0,1.0,6.940427497295028,1.0,4.042177877747278,4.008698210711815,Feynman17,c,4.041797445402698
5.0,1.0,7.805709504550986,1.0,4.033234700175689,4.027258799790527,Feynman17,c,4.033876610740503
5.0,1.0,15.065869316914224,1.0,4.008840554930307,4.021056077231356,Feynman17,c,4.008654504022544
5.0,1.0,18.34180631582816,1.0,4.005958203094374,4.002581004079918,Feynman17,c,4.00609702864903
5.0,1.0,14.466043331679774,1.0,4.009591585020273,4.007339470767474,Feynman17,c,4.009228421918605
5.0,1.0,15.04643107594302,1.0,4.00886348765206,4.028964421045095,Feynman17,c,4.008671840080219
5.0,1.0,14.914389253452343,1.0,4.009021658626291,3.990212943891979,Feynman17,c,4.008791427818117
5.0,1.0,15.048852779580619,1.0,4.00886062572204,4.010407248707303,Feynman17,c,4.008669676752619
5.0,1.0,18.123734609081197,1.0,4.006102778746985,3.999000030249577,Feynman17,c,4.006224273451242
5.0,1.0,16.441576485905323,1.0,4.007419079936262,3.9950035279267944,Feynman17,c,4.007505794511199
5.0,1.0,18.56940299250873,1.0,4.005812727645241,4.010741222524515,Feynman17,c,4.005981823260928
5.0,1.0,17.419833101764027,1.0,4.006607193577625,4.0147954789729905,Feynman17,c,4.006719157460479
5.0,1.0,7.3017310967043265,1.0,4.038048786967586,4.0398803773532475,Feynman17,c,4.038125634557855
5.0,1.0,14.420660038063705,1.0,4.00965227045772,4.022725996133332,Feynman17,c,4.0092760056781485
5.0,1.0,15.804320607018912,1.0,4.008031280258504,4.034562713633403,Feynman17,c,4.00802806271784
5.0,1.0,19.579008323205837,1.0,4.005227563638631,4.013883440100648,Feynman17,c,4.005720442909999
5.0,1.0,9.577173078149507,1.0,4.021984893096943,4.014400891984607,Feynman17,c,4.02308520191263
5.0,1.0,11.902111386029398,1.0,4.014193475684143,4.026964015606161,Feynman17,c,4.013872853224358
5.0,1.0,5.895371534629714,1.0,4.058817334727563,4.072192886199693,Feynman17,c,4.057515737981218
5.0,1.0,18.41748812462145,1.0,4.005909228035661,4.006531969955552,Feynman17,c,4.006056612343287
5.0,1.0,8.84567161340178,1.0,4.0258080825561855,4.010488399990509,Feynman17,c,4.027023834529079
5.0,1.0,19.20212387397467,1.0,4.0054352051436615,4.001226523962277,Feynman17,c,4.00577035806307
5.0,1.0,14.414539050278934,1.0,4.009660499402785,4.019749910720518,Feynman17,c,4.009282478650138
5.0,1.0,8.107825752383196,1.0,4.030775916070305,4.029120264510913,Feynman17,c,4.03167736788273
5.0,1.0,10.88156005194682,1.0,4.016998445283835,4.039779657947417,Feynman17,c,4.017295928453702
5.0,1.0,17.757370417846175,1.0,4.006357804409094,4.023100595809542,Feynman17,c,4.006468718528041
5.0,1.0,3.530526760137848,1.0,4.170803044031761,4.185043380008897,Feynman17,c,4.170122754912585
5.0,1.0,3.7655147611189266,1.0,4.148980997440308,4.145530130845963,Feynman17,c,4.1500401763233095
5.0,1.0,13.070627937627858,1.0,4.011758415284231,4.0183639611721,Feynman17,c,4.011156956277036
5.0,1.0,17.796946414108646,1.0,4.006329492411144,4.020648161070723,Feynman17,c,4.006440742597304
5.0,1.0,5.220797528181684,1.0,4.07545919533576,4.084076977464022,Feynman17,c,4.07458315110209
5.0,1.0,12.960579492569185,1.0,4.0119598449929486,4.017987160921512,Feynman17,c,4.011362539046177
5.0,1.0,13.63370538316808,1.0,4.010803360269003,4.023532586097592,Feynman17,c,4.010243296997863
5.0,1.0,7.96094997164123,1.0,4.031935755261804,4.030529045353419,Feynman17,c,4.03271982513125
5.0,1.0,17.637298099806664,1.0,4.006444875243096,3.989535472906644,Feynman17,c,4.006555544277804
5.0,1.0,9.967339150016098,1.0,4.020284548102646,4.031971551759107,Feynman17,c,4.021193493874653
5.0,1.0,19.394454601222623,1.0,4.005327725683284,3.998364358121877,Feynman17,c,4.005738511983199
5.0,1.0,5.18648625315764,1.0,4.076489815118195,4.098685528382603,Feynman17,c,4.075666643522665
5.0,1.0,15.773016757795643,1.0,4.008063286935636,3.997642034730285,Feynman17,c,4.008053858260967
5.0,1.0,15.58161583288678,1.0,4.008263216703024,4.047098581316286,Feynman17,c,4.008212436245974
5.0,1.0,12.123383863510654,1.0,4.013677457282193,4.024994080221363,Feynman17,c,4.013263287766431
5.0,1.0,14.34787589144052,1.0,4.00975080652343,4.008225575632459,Feynman17,c,4.00935385511399
5.0,1.0,13.861339405708692,1.0,4.010450063109969,4.035865422149096,Feynman17,c,4.009931696546865
5.0,1.0,5.179781524835063,1.0,4.076693695739231,4.074902234816185,Feynman17,c,4.075881213745221
5.0,1.0,7.240922614958366,1.0,4.038699872544275,4.03168990359678,Feynman17,c,4.038701014105459
5.0,1.0,6.085667334614187,1.0,4.05512126710336,4.050086604022307,Feynman17,c,4.053885267139708
5.0,1.0,7.753643517301557,1.0,4.0336882165439345,4.014659249149179,Feynman17,c,4.034278565400392
5.0,1.0,17.723618276706276,1.0,4.006382100596535,3.980083724261111,Feynman17,c,4.006492837716092
5.0,1.0,7.284343880767327,1.0,4.038233258946141,4.047540190065034,Feynman17,c,4.0382885627585905
5.0,1.0,6.372171480372886,1.0,4.050184414060465,4.045292060036752,Feynman17,c,4.04915732663158
5.0,1.0,17.98642061344859,1.0,4.006196532963741,3.994514223295549,Feynman17,c,4.00631183078705
5.0,1.0,16.322254502497803,1.0,4.007528256642966,3.9833540244163315,Feynman17,c,4.00760346514524
5.0,1.0,8.77806012213286,1.0,4.0262111095153275,4.01891169609504,Feynman17,c,4.027417330764836
5.0,1.0,19.15109801868555,1.0,4.005464266115527,3.9911735558675896,Feynman17,c,4.00578125342308
5.0,1.0,16.09448988564936,1.0,4.007743463306249,3.9971640280740885,Feynman17,c,4.00778992739706
5.0,1.0,19.21410678426983,1.0,4.005428414105459,3.9934609183192764,Feynman17,c,4.005767952133835
5.0,1.0,3.966117944063692,1.0,4.133547126952883,4.10701628455318,Feynman17,c,4.135060734619689
5.0,1.0,10.461326195152434,1.0,4.018401164742013,4.019831879635728,Feynman17,c,4.018993292891454
5.0,1.0,3.470738106735493,1.0,4.1771383893447815,4.184739856726126,Feynman17,c,4.175710005795163
5.0,1.0,4.547289170799535,1.0,4.100377716984348,4.08556705780518,Feynman17,c,4.100986187976181
5.0,1.0,5.316115200560367,1.0,4.0727039300340175,4.087152620117253,Feynman17,c,4.071697263624505
5.0,1.0,12.720166123426395,1.0,4.012418330944633,4.0132164351594435,Feynman17,c,4.01184572327831
5.0,1.0,19.56790118191862,1.0,4.005233511522509,4.002950553624996,Feynman17,c,4.0057212232089805
5.0,1.0,14.01024577393676,1.0,4.010228260644807,4.033300722846026,Feynman17,c,4.009743115260577
5.0,1.0,12.130803376455777,1.0,4.013660645645978,4.025195219473986,Feynman17,c,4.0132436549438495
5.0,1.0,17.232217621587658,1.0,4.006752214675871,4.01151994693239,Feynman17,c,4.006865398912784
5.0,1.0,11.45073597110226,1.0,4.0153410849629765,4.006610501285726,Feynman17,c,4.015262658880806
5.0,1.0,6.7498561976967295,1.0,4.044633719559832,4.056954255980051,Feynman17,c,4.044016301422751
5.0,1.0,16.230836349720505,1.0,4.0076135423488175,3.99107675340517,Feynman17,c,4.007678297674551
5.0,1.0,13.652925792374942,1.0,4.010772841117427,4.017490790859474,Feynman17,c,4.010215820636019
5.0,1.0,5.30520209361233,1.0,4.073011597739972,4.062033974292609,Feynman17,c,4.072018666509466
5.0,1.0,19.042029879650496,1.0,4.005527171544,4.011174795175434,Feynman17,c,4.005808132357402
5.0,1.0,10.988017697172547,1.0,4.016668609517788,3.998185978796299,Feynman17,c,4.016892085273651
5.0,1.0,18.42343922348243,1.0,4.005905402623611,4.009705511608914,Feynman17,c,4.006053521136405
5.0,1.0,19.563860506294592,1.0,4.005235677827884,4.0237357752968705,Feynman17,c,4.005721516125434
5.0,1.0,17.657556691968246,1.0,4.006430059601637,4.019392815579175,Feynman17,c,4.006540700935827
5.0,1.0,18.01411162408189,1.0,4.006177453058657,4.0085299798196665,Feynman17,c,4.006293750229627
5.0,1.0,5.277120652233403,1.0,4.073812404103221,4.073764787642766,Feynman17,c,4.072856269275713
5.0,1.0,7.0135560936294405,1.0,4.041289312105813,4.036212274420057,Feynman17,c,4.041001877232322
5.0,1.0,8.178155836811914,1.0,4.030242869280856,4.0184353837756825,Feynman17,c,4.031194309422061
5.0,1.0,19.382681919844508,1.0,4.005334212527875,3.984175419134057,Feynman17,c,4.00574005941951
5.0,1.0,3.5028646599540485,1.0,4.1736902917939975,4.182722381141786,Feynman17,c,4.172682545519548
5.0,1.0,16.7117246171235,1.0,4.00718051598754,3.9848670337668217,Feynman17,c,4.007284904346457
5.0,1.0,16.41289928131662,1.0,4.007445100839624,4.0289753071823124,Feynman17,c,4.007529267060541
5.0,1.0,6.795822940016248,1.0,4.044021988630359,4.0274576450648425,Feynman17,c,4.043460656726851
5.0,1.0,12.04127624609063,1.0,4.01386559650811,3.987232433477045,Feynman17,c,4.01348403300978
5.0,1.0,12.843507746905441,1.0,4.0121798739964945,4.002467773799044,Feynman17,c,4.011591864699892
5.0,1.0,16.622693989566187,1.0,4.007257849239491,4.025369766201427,Feynman17,c,4.007357625154898
5.0,1.0,3.56440531821958,1.0,4.167365945801974,4.153546584030436,Feynman17,c,4.167045921331959
5.0,1.0,5.00317548524197,1.0,4.082374979545998,4.07236180408064,Feynman17,c,4.081884704258879
5.0,1.0,11.131948085865863,1.0,4.016237751628511,4.0076811180118925,Feynman17,c,4.016363203076046
5.0,1.0,17.369864485695402,1.0,4.006645357557763,4.004966287914016,Feynman17,c,4.006757712449099
5.0,1.0,17.140366105268946,1.0,4.006824961708983,3.990869692974895,Feynman17,c,4.006938270881422
5.0,1.0,15.998956911273977,1.0,4.00783648768477,3.990063046503443,Feynman17,c,4.0078681977516535
5.0,1.0,13.614660202046135,1.0,4.0108337294588425,4.020614563032467,Feynman17,c,4.010270744515738
5.0,1.0,18.50599810324301,1.0,4.005852714398963,3.9814788776751198,Feynman17,c,4.006011981534797
5.0,1.0,17.864075513219085,1.0,4.0062819003185055,4.018256775232051,Feynman17,c,4.006394083317761
5.0,1.0,4.562355051084568,1.0,4.09969092516251,4.09426617697918,Feynman17,c,4.100260539841014
5.0,1.0,5.026068981335689,1.0,4.081603192460978,4.041115724383654,Feynman17,c,4.081066891737785
5.0,1.0,18.331917817007522,1.0,4.00596464709659,4.007739251064103,Feynman17,c,4.006102458113734
5.0,1.0,11.839827228463232,1.0,4.014344006139003,4.002695188542239,Feynman17,c,4.01405289551252
5.0,1.0,19.24577360441972,1.0,4.005410528844749,4.002980181554055,Feynman17,c,4.005761870438597
5.0,1.0,9.772969219587104,1.0,4.021105891843043,4.042881766691069,Feynman17,c,4.02211881275023
5.0,1.0,12.241042597774106,1.0,4.013414472525014,4.0284144751042446,Feynman17,c,4.012958046440292
5.0,1.0,18.695135938739845,1.0,4.005734636650465,3.988697135877923,Feynman17,c,4.0059266702438645
5.0,1.0,12.746866331968267,1.0,4.01236612009893,4.022858907252573,Feynman17,c,4.011789683167567
5.0,1.0,19.875123108100148,1.0,4.005072661306014,4.002377860005786,Feynman17,c,4.005710593304356
5.0,1.0,5.496848745160371,1.0,4.067881190851333,4.070866573715898,Feynman17,c,4.06669286922989
5.0,1.0,3.3950882358191627,1.0,4.1856845888190035,4.193155668941361,Feynman17,c,4.183076071662
5.0,1.0,19.276534152531184,1.0,4.0053932399977175,4.006310758518229,Feynman17,c,4.005756342680064
5.0,1.0,12.801530723008446,1.0,4.012260250321783,3.992417066766925,Feynman17,c,4.01167682940257
5.0,1.0,8.89721393968626,1.0,4.025507073828201,4.032188950317843,Feynman17,c,4.026727582157611
5.0,1.0,18.874489426180745,1.0,4.0056259395693425,4.007056812235034,Feynman17,c,4.005859110736021
5.0,1.0,13.522179939636079,1.0,4.01098303624321,3.996393305189036,Feynman17,c,4.010407232073261
5.0,1.0,9.42218339922063,1.0,4.022720345085309,4.0478455026177365,Feynman17,c,4.023875130290963
5.0,1.0,14.08081354701202,1.0,4.01012560847075,4.018445727113422,Feynman17,c,4.009657583869287
5.0,1.0,5.178716087644087,1.0,4.076726169829213,4.080524943242719,Feynman17,c,4.0759153972213475
5.0,1.0,11.590686112417066,1.0,4.014970784036625,4.011055100077815,Feynman17,c,4.014810603727341
5.0,1.0,7.736335724276665,1.0,4.033841040674754,4.027223225416629,Feynman17,c,4.034413841182991
5.0,1.0,17.969131827116037,1.0,4.006208490329426,4.0067816581967675,Feynman17,c,4.006323222988456
5.0,1.0,10.977095710711858,1.0,4.016702004016301,4.036850942000698,Feynman17,c,4.016933023835457
5.0,1.0,4.5884170617559725,1.0,4.098519596036456,4.1021740208481114,Feynman17,c,4.09902182354708
5.0,1.0,17.243027776745873,1.0,4.006743729594804,4.010372252354239,Feynman17,c,4.006856871306353
5.0,1.0,16.22755564904096,1.0,4.007616629896174,4.021530402947918,Feynman17,c,4.007680983224669
5.0,1.0,16.770963699452764,1.0,4.007129743487086,3.9982465947708805,Feynman17,c,4.007236594861042
5.0,1.0,9.210792368150113,1.0,4.023784619335823,4.023161373629358,Feynman17,c,4.024989524192451
5.0,1.0,12.177872419316586,1.0,4.013554713082901,4.020885849525289,Feynman17,c,4.013120313573796
5.0,1.0,10.476218527207061,1.0,4.018348525789521,4.000472317291907,Feynman17,c,4.018930367144028
5.0,1.0,18.46262823699535,1.0,4.005880304212179,4.0105297098347,Feynman17,c,4.006033488113341
5.0,1.0,15.536483379207462,1.0,4.008311444578535,4.017913071448313,Feynman17,c,4.008250111438856
5.0,1.0,16.21695556800811,1.0,4.007626618751172,4.01356722121032,Feynman17,c,4.00768966041149
5.0,1.0,4.386366906854426,1.0,4.108184837625528,4.103764654055089,Feynman17,c,4.109192938260178
5.0,1.0,18.85038938777307,1.0,4.005640364643413,4.017446016553808,Feynman17,c,4.0058674127987155
5.0,1.0,8.361371577705704,1.0,4.028917766650844,4.032836127027222,Feynman17,c,4.029979823113417
5.0,1.0,8.45600738059025,1.0,4.028267280476325,4.017109797585845,Feynman17,c,4.029375182534933
5.0,1.0,12.489997335471637,1.0,4.012882478241972,4.030096605761033,Feynman17,c,4.0123544146925
5.0,1.0,4.120516717116345,1.0,4.123267594468501,4.127120671378355,Feynman17,c,4.124747649814931
5.0,1.0,7.012741544214567,1.0,4.041299053467966,4.0376333592952225,Feynman17,c,4.041010580227571
5.0,1.0,10.345987189060972,1.0,4.018816646632048,4.020363596542256,Feynman17,c,4.019487444636242
5.0,1.0,3.8890276445054295,1.0,4.1391763157167345,4.096467284143955,Feynman17,c,4.140596680905542
5.0,1.0,10.959242089497435,1.0,4.016756809276969,4.00246375063361,Feynman17,c,4.017000187550178
5.0,1.0,16.777921886360843,1.0,4.007123815174626,4.0125817276181355,Feynman17,c,4.00723092562336
5.0,1.0,11.095567038836656,1.0,4.016345064157534,4.042612809089853,Feynman17,c,4.016495020448979
5.0,1.0,17.839245914063092,1.0,4.006299440805246,3.9896290136713977,Feynman17,c,4.006411221686888
5.0,1.0,19.755744452930657,1.0,4.005134270432145,4.001663216101845,Feynman17,c,4.005712407334723
5.0,1.0,16.31919507287862,1.0,4.007531087594324,4.051050630185728,Feynman17,c,4.007605969502651
5.0,1.0,4.936672315496647,1.0,4.084680763069923,4.1057223237464076,Feynman17,c,4.084330822558413
5.0,1.0,4.02182717329066,1.0,4.129692387462672,4.128703575799771,Feynman17,c,4.131223481653097
5.0,1.0,8.253823919629252,1.0,4.0296847398648135,4.025730243952383,Feynman17,c,4.03068533206928
5.0,1.0,8.64904092498567,1.0,4.0270069295667215,4.007619425060529,Feynman17,c,4.028184383738089
5.0,1.0,17.343042210860446,1.0,4.0066659799598705,4.031697916725312,Feynman17,c,4.00677853400356
5.0,1.0,14.428555681169765,1.0,4.009641671236514,3.9889951497157146,Feynman17,c,4.009267675596724
5.0,1.0,8.50463979660254,1.0,4.027941535379906,3.9765414679203483,Feynman17,c,4.02906998558596
5.0,1.0,19.256029922200284,1.0,4.005404755088035,4.010472971078017,Feynman17,c,4.005759986011447
5.0,1.0,19.112853532896178,1.0,4.005486200850756,4.014625454547539,Feynman17,c,4.005790117571166
5.0,1.0,7.185844816038207,1.0,4.039304202831351,4.035693011725534,Feynman17,c,4.0392360180753455
5.0,1.0,18.729183545355443,1.0,4.005713761062901,4.019517192260642,Feynman17,c,4.005912826585985
5.0,1.0,12.321542002550691,1.0,4.013238897252941,4.019316885993455,Feynman17,c,4.012756646662044
5.0,1.0,10.571254019871903,1.0,4.018017880082349,4.021882406337199,Feynman17,c,4.018533564696703
5.0,1.0,14.195272468622726,1.0,4.009962369663021,4.007734189393275,Feynman17,c,4.009523718548092
5.0,1.0,8.444857502557543,1.0,4.028342768969068,4.024953726201737,Feynman17,c,4.0294456718441465
5.0,1.0,11.60703631348838,1.0,4.01492840044248,4.011773500051186,Feynman17,c,4.014759031906393
5.0,1.0,6.596569758192528,1.0,4.046769097733957,4.015065556950036,Feynman17,c,4.045972425821373
5.0,1.0,9.041131414802809,1.0,4.024694014019406,4.039335235782704,Feynman17,c,4.025916621736422
5.0,1.0,3.5251945040771235,1.0,4.171353854671104,4.174157783609207,Feynman17,c,4.170612842294317
5.0,1.0,13.771096491207103,1.0,4.010588017846206,3.990896087493655,Feynman17,c,4.010051695216524
5.0,1.0,17.925755512555458,1.0,4.006238643409627,3.9817769161147085,Feynman17,c,4.006352146545807
5.0,1.0,13.089112198466445,1.0,4.011725082533544,4.006601913360304,Feynman17,c,4.011123350747662
5.0,1.0,13.977003272641436,1.0,4.010277159592116,4.044046507725677,Feynman17,c,4.00978424030489
5.0,1.0,9.994705639152038,1.0,4.020172777417929,4.009634002168877,Feynman17,c,4.02106591240944
5.0,1.0,17.874638880838603,1.0,4.006274460214581,4.012969470950966,Feynman17,c,4.006386835928861
5.0,1.0,5.930153878405154,1.0,4.058114326027367,4.0710822619841185,Feynman17,c,4.056819602160167
5.0,1.0,14.655197281469023,1.0,4.009344723868081,4.031469576603191,Feynman17,c,4.009037308564002
5.0,1.0,10.928189290116862,1.0,4.016852778128481,4.013200249206099,Feynman17,c,4.017117724128545
5.0,1.0,17.922873340238134,1.0,4.006240654738457,3.9862481056966073,Feynman17,c,4.00635408534323
5.0,1.0,4.949218779318213,1.0,4.084238328482404,4.109275825907955,Feynman17,c,4.083861182336703
5.0,1.0,8.085478017562096,1.0,4.03094825865307,4.029571456800289,Feynman17,c,4.031832971141149
5.0,1.0,8.065390276301278,1.0,4.031104415752587,4.0466458502286144,Feynman17,c,4.031973733882672
5.0,1.0,13.69475953167997,1.0,4.010706861395629,4.005829998412216,Feynman17,c,4.010156783693765
5.0,1.0,10.679075583479683,1.0,4.017653480818036,4.0242242182767995,Feynman17,c,4.01809340079642
5.0,1.0,11.424983599127849,1.0,4.015410722383422,4.021422592282103,Feynman17,c,4.0153479136936
5.0,1.0,18.629218224748534,1.0,4.0057753794717605,4.00839818564313,Feynman17,c,4.00595480239959
5.0,1.0,19.670242000517476,1.0,4.005179089568786,4.010795728502318,Feynman17,c,4.005715335422688
5.0,1.0,13.818521783480618,1.0,4.010515179875701,4.021524946389228,Feynman17,c,4.009988074014494
5.0,1.0,18.166130982591355,1.0,4.006074261641334,4.000305096060141,Feynman17,c,4.006198348887549
5.0,1.0,6.204660256578924,1.0,4.052985516625635,4.0625381898964,Feynman17,c,4.051822182938224
5.0,1.0,9.783080792294307,1.0,4.0210619402179795,4.025716563080012,Feynman17,c,4.022069844187855
5.0,1.0,7.830687662119855,1.0,4.0330203872273085,4.026025203582159,Feynman17,c,4.033686362850304
5.0,1.0,4.582332892447452,1.0,4.0987911657483185,4.122254858533614,Feynman17,c,4.099309136966734
5.0,1.0,3.2812028358547125,1.0,4.199796196867284,4.198358112357321,Feynman17,c,4.194818222039889
5.0,1.0,11.715198946674974,1.0,4.014652505290187,4.000132798586453,Feynman17,c,4.01442440374658
5.0,1.0,19.235480798268675,1.0,4.00541633245511,4.030974481487959,Feynman17,c,4.005763803411633
5.0,1.0,16.487143138584834,1.0,4.0073780139866,3.9930499124637624,Feynman17,c,4.007468501471861
5.0,1.0,18.632413669708523,1.0,4.005773394404645,3.9904652819719986,Feynman17,c,4.005953398586146
5.0,1.0,4.498043908358007,1.0,4.10267345709764,4.091882852972212,Feynman17,c,4.103407923504867
5.0,1.0,17.22259200052253,1.0,4.006759783492028,4.0163459015197995,Feynman17,c,4.0068730012536165
5.0,1.0,4.687755644545789,1.0,4.094241192895502,4.0881345397416755,Feynman17,c,4.094487345290125
5.0,1.0,9.553599895953797,1.0,4.022094422577356,4.0301102152153385,Feynman17,c,4.023203906935882
5.0,1.0,4.812929089629193,1.0,4.0892397858998155,4.070232193574186,Feynman17,c,4.08917443150676
5.0,1.0,4.277274828106932,1.0,4.114014899224083,4.123427146134836,Feynman17,c,4.115258651495277
5.0,1.0,3.2779584311092465,1.0,4.200222100187049,4.1866799870996525,Feynman17,c,4.195164628610156
5.0,1.0,9.862923383466166,1.0,4.020719674726476,4.031934333288952,Feynman17,c,4.021686391291256
5.0,1.0,12.426554747289714,1.0,4.013014998883098,4.023884773598098,Feynman17,c,4.012502876831589
5.0,1.0,16.642340432236523,1.0,4.007240676903621,4.018053846250501,Feynman17,c,4.007341568297555
5.0,1.0,17.435984998339357,1.0,4.006594927769142,4.024616935086686,Feynman17,c,4.006706763725204
5.0,1.0,18.088496748280484,1.0,4.006126634033879,4.013073092493527,Feynman17,c,4.006246230028144
5.0,1.0,10.273622359121457,1.0,4.019084566513111,4.03165144931322,Feynman17,c,4.0198035996843915
5.0,1.0,9.27448544015026,1.0,4.02345618725578,4.021955756095558,Feynman17,c,4.024649127585342
5.0,1.0,4.0631281800363315,1.0,4.12694297647593,4.142554275146077,Feynman17,c,4.128464232383898
5.0,1.0,9.76355728467692,1.0,4.021146926446987,4.0216118273539205,Feynman17,c,4.022164475433951
5.0,1.0,19.35691377276065,1.0,4.005348452427388,4.000090041823309,Feynman17,c,4.00574362323984
5.0,1.0,4.754022207652676,1.0,4.091541983775059,4.115465998626348,Feynman17,c,4.091620916135049
5.0,1.0,19.145206741745508,1.0,4.005467636411061,4.020296578157891,Feynman17,c,4.005782579705321
5.0,1.0,7.1788055801566655,1.0,4.0393824633740065,4.0200715158305895,Feynman17,c,4.039305376902621
5.0,1.0,19.38289873016369,1.0,4.00533409295647,4.00425774222635,Feynman17,c,4.005740030466514
5.0,1.0,11.665810749696334,1.0,4.014777522969186,4.004642675932756,Feynman17,c,4.014575789680953
5.0,1.0,6.872836214007566,1.0,4.043025057100355,4.050749683226508,Feynman17,c,4.042559391685861
5.0,1.0,19.293427936649117,1.0,4.00538378016584,4.0220646674372285,Feynman17,c,4.005753464090472
5.0,1.0,18.02744281628115,1.0,4.006168298916946,4.022143353245878,Feynman17,c,4.00628511996115
5.0,1.0,18.720159494318622,1.0,4.005719282849553,4.026649155978892,Feynman17,c,4.005916449769801
5.0,1.0,10.831920111772448,1.0,4.017155607434065,4.033609097807105,Feynman17,c,4.017487887257178
5.0,1.0,15.710102986856878,1.0,4.008128195225493,4.0184293163347595,Feynman17,c,4.008105803718047
5.0,1.0,7.708765673142473,1.0,4.034086643893917,4.027918776468522,Feynman17,c,4.034631082347056
5.0,1.0,5.0800560482440265,1.0,4.079825980840663,4.072433204705061,Feynman17,c,4.07918603134573
5.0,1.0,5.173942428609689,1.0,4.076871924953443,4.07773304188571,Feynman17,c,4.076068847232501
5.0,1.0,5.215838002344517,1.0,4.075606861861402,4.07541406556056,Feynman17,c,4.0747382699712675
5.0,1.0,15.248411985071343,1.0,4.0086294754027145,4.002641762884234,Feynman17,c,4.008494553691771
5.0,1.0,9.940108047594453,1.0,4.0203966927850585,4.0510525832912645,Feynman17,c,4.021321104574742
5.0,1.0,3.543032964997474,1.0,4.169521766916982,4.186939338300307,Feynman17,c,4.168979538220042
5.0,1.0,12.042226625545402,1.0,4.013863396642228,4.021505760109584,Feynman17,c,4.013481441310658
5.0,1.0,9.472596496559792,1.0,4.022477116735741,4.0148722883513726,Feynman17,c,4.023615729112943
5.0,1.0,3.937541989456601,1.0,4.135592574352177,4.149498468957449,Feynman17,c,4.137081720958686
5.0,1.0,3.621613279939325,1.0,4.161797547342559,4.19653394942273,Feynman17,c,4.161992751876678
5.0,1.0,9.232965049499978,1.0,4.023669505689029,4.02695159454816,Feynman17,c,4.024870564027762
5.0,1.0,13.248002443476024,1.0,4.011444318050418,4.014771733501833,Feynman17,c,4.010845100825385
5.0,1.0,9.097310234721968,1.0,4.024387182501069,4.019314858200663,Feynman17,c,4.0256062772770544
5.0,1.0,18.555804764464952,1.0,4.005821268848914,4.01978014717076,Feynman17,c,4.005988161069384
5.0,1.0,18.39781874254376,1.0,4.005921898165557,4.020340685276484,Feynman17,c,4.006066920317373
5.0,1.0,3.640052639142571,1.0,4.160063008964966,4.1572183010609844,Feynman17,c,4.160401386253297
5.0,1.0,10.229305106213356,1.0,4.019251486275067,4.02179482315945,Feynman17,c,4.019999535226703
5.0,1.0,13.128477843104676,1.0,4.011654565657229,4.011155007470495,Feynman17,c,4.011052651968829
5.0,1.0,18.89449720667306,1.0,4.005614005944082,3.989324929034452,Feynman17,c,4.005852403141532
5.0,1.0,10.383427980318036,1.0,4.018680241982739,4.0171134320311275,Feynman17,c,4.019325718109621
5.0,1.0,12.55771039946345,1.0,4.012743261463623,4.021659964755584,Feynman17,c,4.012199934531608
5.0,1.0,13.189877012540881,1.0,4.011545844529748,4.00860244748217,Feynman17,c,4.010944714220584
5.0,1.0,7.117984244213419,1.0,4.0400685542521275,4.034218767965233,Feynman17,c,4.039914264050645
5.0,1.0,13.451087380136624,1.0,4.011099924526018,4.016028499236788,Feynman17,c,4.010515879277381
5.0,1.0,14.917134368100033,1.0,4.009018327287057,3.993984027045223,Feynman17,c,4.008788906911788
5.0,1.0,15.621311614026338,1.0,4.008221144853857,4.023018041003959,Feynman17,c,4.008179401439902
5.0,1.0,9.836080286127284,1.0,4.020833805125739,4.019034618496113,Feynman17,c,4.0218146731411295
5.0,1.0,16.813583882076323,1.0,4.007093547324434,4.000481166214551,Feynman17,c,4.007201889437446
5.0,1.0,15.037326314911319,1.0,4.008874259940059,3.9879146669690173,Feynman17,c,4.008679982537143
5.0,1.0,6.809392138030168,1.0,4.043843824350202,4.0546444391528365,Feynman17,c,4.043299207338365
5.0,1.0,15.65064641074105,1.0,4.00819026049195,4.012335980578233,Feynman17,c,4.008155044293656
5.0,1.0,7.133202410410464,1.0,4.039895206392348,4.044766273016955,Feynman17,c,4.039760274698301
5.0,1.0,16.899147556653922,1.0,4.0070217083756186,4.014175495036055,Feynman17,c,4.007132382576978
5.0,1.0,4.880853710233317,1.0,4.086692475892298,4.101150730825777,Feynman17,c,4.086467424713674
5.0,1.0,14.407728265121603,1.0,4.009669668088888,4.001186036569838,Feynman17,c,4.0092896967784295
5.0,1.0,9.53481748298342,1.0,4.022182281015467,4.016387052387821,Feynman17,c,4.023298854404769
5.0,1.0,4.244330170579404,1.0,4.115869690262993,4.109098964836281,Feynman17,c,4.117175118385591
5.0,1.0,8.857763011971967,1.0,4.025736990340423,4.020937748662308,Feynman17,c,4.026954051542965
5.0,1.0,10.275005211928818,1.0,4.019079393088846,4.0185167623194875,Feynman17,c,4.01979751409718
5.0,1.0,3.987578686773128,1.0,4.132041749546042,4.118126620322321,Feynman17,c,4.133566595700874
5.0,1.0,5.682354350577873,1.0,4.063417201470068,4.071500631184008,Feynman17,c,4.062129711728948
5.0,1.0,6.8576857117756855,1.0,4.0432184708817385,4.057726280662074,Feynman17,c,4.042733843798538
5.0,1.0,4.906809337384654,1.0,4.085748119490311,4.074282228860229,Feynman17,c,4.085464232441345
5.0,1.0,8.753947846024293,1.0,4.02635713482378,4.022779867337032,Feynman17,c,4.027559041976249
5.0,1.0,7.5270296536539245,1.0,4.035774935462333,4.0550325881228435,Feynman17,c,4.036120798240721
5.0,1.0,14.8104461340854,1.0,4.0091491714678815,4.013942792794838,Feynman17,c,4.008888083886759
5.0,1.0,17.32329764635449,1.0,4.006681222093608,4.017630722107233,Feynman17,c,4.006793914394141
5.0,1.0,13.72472394632723,1.0,4.010659974208531,4.012585425746013,Feynman17,c,4.010115132066312
5.0,1.0,10.511104541485537,1.0,4.018226099250288,4.015940990212721,Feynman17,c,4.018783750183396
5.0,1.0,19.027158512233164,1.0,4.005535832795335,3.999858745836198,Feynman17,c,4.005812180854095
5.0,1.0,4.851034460476343,1.0,4.087797000654453,4.0704750072594384,Feynman17,c,4.087641083877096
5.0,1.0,16.77634759134855,1.0,4.007125155811822,4.006806985373476,Feynman17,c,4.007232208188358
5.0,1.0,4.399365786941445,1.0,4.1075205006007005,4.092883991663022,Feynman17,c,4.108498033126729
5.0,1.0,10.093519661107159,1.0,4.01977681417305,4.014065451454432,Feynman17,c,4.020610783061506
5.0,1.0,14.230064362285377,1.0,4.0099135330573175,3.9711856148974762,Feynman17,c,4.0094841583409035
5.0,1.0,10.714998574119692,1.0,4.017534531326497,4.0240211257869385,Feynman17,c,4.017949134071738
5.0,1.0,4.020498393655391,1.0,4.129782346612247,4.127900836984988,Feynman17,c,4.131313452367272
5.0,1.0,5.883574253809067,1.0,4.05905869777534,4.05338428475973,Feynman17,c,4.057755323518929
5.0,1.0,3.8852929725540264,1.0,4.139458167936563,4.132081697187905,Feynman17,c,4.140871707658893
5.0,1.0,6.527416896642195,1.0,4.0477832319616605,4.0604493041664504,Feynman17,c,4.0469107868516545
5.0,1.0,8.9770220198915,1.0,4.025051310113428,4.0286035450106565,Feynman17,c,4.026274985535574
5.0,1.0,11.529497606844153,1.0,4.015131014562331,4.026872407544483,Feynman17,c,4.015005909142196
5.0,1.0,12.123720597842162,1.0,4.013676693613416,4.027851069174534,Feynman17,c,4.013262395605605
5.0,1.0,8.732818579372468,1.0,4.026486103700324,4.016337868267379,Feynman17,c,4.027683831366484
5.0,1.0,5.277426795347392,1.0,4.0738036021851505,4.077019622472405,Feynman17,c,4.0728470549298015
5.0,1.0,16.724942306610956,1.0,4.007169140458069,4.0241053425956474,Feynman17,c,4.00727411902477
5.0,1.0,12.3166689287732,1.0,4.0132494273473736,3.999188481953375,Feynman17,c,4.012768668091302
5.0,1.0,11.960968571592712,1.0,4.014053398481727,4.025542470368824,Feynman17,c,4.013706146087783
5.0,1.0,10.263435755102567,1.0,4.019122740943617,4.004301219850092,Feynman17,c,4.019848481146994
5.0,1.0,14.27570548093582,1.0,4.009850010950703,4.018697903670685,Feynman17,c,4.009433022529671
5.0,1.0,12.595954680465598,1.0,4.0126656284920985,3.9948998879901683,Feynman17,c,4.012114478552442
5.0,1.0,14.822784934722897,1.0,4.009133893688152,4.017811333712934,Feynman17,c,4.008876482607632
5.0,1.0,18.858722793057588,1.0,4.0056353704117935,3.998510506737773,Feynman17,c,4.00586451460423
5.0,1.0,7.106608143679841,1.0,4.040198880444766,4.025911195675829,Feynman17,c,4.040030105640748
5.0,1.0,18.266387459710547,1.0,4.006007616638445,4.012623694009687,Feynman17,c,4.0061392817545896
5.0,1.0,12.849492549247849,1.0,4.01216847898592,3.999571070763378,Feynman17,c,4.011579869939237
5.0,1.0,18.22718336775238,1.0,4.006033546061496,4.0120536812955105,Feynman17,c,4.006161995367921
5.0,1.0,6.516847086530724,1.0,4.0479411588865215,4.037736957562176,Feynman17,c,4.047057468940564
5.0,1.0,7.442811979013246,1.0,4.036600332977265,4.011372086338757,Feynman17,c,4.036848145090012
5.0,1.0,19.100217103730476,1.0,4.005493477401434,3.999615598818819,Feynman17,c,4.005793179011121
5.0,1.0,17.01763768373206,1.0,4.006924014367199,3.9897393891001194,Feynman17,c,4.007036621547972
5.0,1.0,13.288710921310718,1.0,4.011374009782585,4.007702927602594,Feynman17,c,4.010776794279543
5.0,1.0,16.997908635499016,1.0,4.006940138635693,4.00984706549725,Feynman17,c,4.007052518173162
5.0,1.0,14.994021183977221,1.0,4.008925766480705,3.997456769571785,Feynman17,c,4.008718912753836
5.0,1.0,12.641430938748927,1.0,4.012574236417389,4.024291085570762,Feynman17,c,4.012014531331866
5.0,1.0,5.531665251025692,1.0,4.06700786210721,4.026078544566268,Feynman17,c,4.065794347071294
5.0,1.0,8.746566798176431,1.0,4.026402079667207,4.028367015517234,Feynman17,c,4.02760256927255
5.0,1.0,14.620999880825785,1.0,4.00938864238111,4.014519220126914,Feynman17,c,4.009071053412753
5.0,1.0,9.780935482382638,1.0,4.021071253651215,4.006999032079125,Feynman17,c,4.022080225890411
5.0,1.0,7.595805521827598,1.0,4.035121504475202,4.047262559293971,Feynman17,c,4.035544761314189
5.0,1.0,6.04531452297962,1.0,4.05587514010193,4.07098541005746,Feynman17,c,4.054619722127528
5.0,1.0,6.441594139181449,1.0,4.049088656345522,4.055306328689121,Feynman17,c,4.048127793240111
5.0,1.0,3.542345891127662,1.0,4.169591775919183,4.1867092299889945,Feynman17,c,4.169042118985164
5.0,1.0,18.400341725675656,1.0,4.005920270694787,4.019287224162724,Feynman17,c,4.006065590336898
5.0,1.0,3.7731720230175068,1.0,4.148342908168374,4.154226614881588,Feynman17,c,4.149433424711638
5.0,1.0,18.287232835312963,1.0,4.005993897655883,4.010079086944103,Feynman17,c,4.006127410974797
5.0,1.0,3.048653723443875,1.0,4.234269481134436,4.208826337070747,Feynman17,c,4.221420322261496
5.0,1.0,3.483052863710033,1.0,4.17580436982107,4.179228127798655,Feynman17,c,4.174542532796654
5.0,1.0,15.109248658615822,1.0,4.008789697324465,3.9898863359106453,Feynman17,c,4.008616042120374
5.0,1.0,9.798285455713351,1.0,4.02099610928788,4.003566037203459,Feynman17,c,4.021996383019236
5.0,1.0,18.754487351766056,1.0,4.005698320357603,4.003856976043536,Feynman17,c,4.00590284472551
5.0,1.0,18.78128015178919,1.0,4.005682039221178,4.0184454006591865,Feynman17,c,4.00589256234634
5.0,1.0,5.958572703594092,1.0,4.05754931464559,4.055656196195739,Feynman17,c,4.056261975379342
5.0,1.0,5.424005490733587,1.0,4.069764989729295,4.06464738037066,Feynman17,c,4.068639536729208
5.0,1.0,5.984869658834538,1.0,4.057033848930775,4.049383027058137,Feynman17,c,4.055754721075481
5.0,1.0,19.362856491345457,1.0,4.0053451633260675,4.004625230155761,Feynman17,c,4.005742779640273
5.0,1.0,6.8088250349542685,1.0,4.043851248651035,4.047740076235615,Feynman17,c,4.043305931736599
5.0,1.0,5.836961307580135,1.0,4.060027152511552,4.052286522506148,Feynman17,c,4.058719572401315
5.0,1.0,17.145411011032184,1.0,4.006820935636901,4.025901774057913,Feynman17,c,4.006934250465276
5.0,1.0,9.231150721973515,1.0,4.023678893591811,4.0138292526799795,Feynman17,c,4.024880279563475
5.0,1.0,5.011396618700564,1.0,4.082096560240872,4.113798056395304,Feynman17,c,4.08158961828048
5.0,1.0,6.566691886417439,1.0,4.047203236686753,4.0760689498037666,Feynman17,c,4.0463733749816
5.0,1.0,4.986755184140879,1.0,4.082935374405824,4.082068766862644,Feynman17,c,4.082478846522689
5.0,1.0,15.96471701754475,1.0,4.007870237298321,4.00686709210575,Feynman17,c,4.007896272547247
5.0,1.0,19.966400496128053,1.0,4.005026300218953,4.01744743446811,Feynman17,c,4.005710311058841
5.0,1.0,10.089040435714452,1.0,4.0197945092677365,4.024673185118647,Feynman17,c,4.020631226281454
5.0,1.0,17.508261596319777,1.0,4.006540457210123,4.020164801630736,Feynman17,c,4.006651748107239
5.0,1.0,8.709051947175386,1.0,4.026632308744035,4.020265803658359,Feynman17,c,4.027824887545589
5.0,1.0,18.0429392488117,1.0,4.006157683537787,4.007270345936418,Feynman17,c,4.006275149598158
5.0,1.0,16.663494364900025,1.0,4.007222255030433,4.011708373425005,Feynman17,c,4.007324284853005
5.0,1.0,17.634612589799644,1.0,4.006446843073475,4.0137131494438245,Feynman17,c,4.006557517547106
5.0,1.0,15.131688601809042,1.0,4.008763561147154,4.021495664144931,Feynman17,c,4.008596263292394
5.0,1.0,5.295267824980694,1.0,4.073293386275983,4.078474256113733,Feynman17,c,4.0723132332216
5.0,1.0,5.327316671754575,1.0,4.072390168782496,4.079457283813362,Feynman17,c,4.071369733252708
5.0,1.0,16.876045313200226,1.0,4.00704099691204,4.0166800931655695,Feynman17,c,4.007151124479615
5.0,1.0,3.607194806144037,1.0,4.163173967185731,4.152703836121574,Feynman17,c,4.163249701832967
5.0,1.0,9.538985427464276,1.0,4.022162739322782,3.99526623882326,Feynman17,c,4.023277756766224
5.0,1.0,18.62698877923885,1.0,4.005776765049699,3.9999542968076334,Feynman17,c,4.005955784233413
5.0,1.0,17.606572508435683,1.0,4.00646744367087,3.9918067950272995,Feynman17,c,4.006578197696073
5.0,1.0,19.158899637781484,1.0,4.005459807743898,3.990435243101923,Feynman17,c,4.005779518939026
5.0,1.0,19.026242414775567,1.0,4.0055363670067985,4.015614228058801,Feynman17,c,4.005812433274985
5.0,1.0,10.763499824260682,1.0,4.017375834317853,4.0179500706670215,Feynman17,c,4.017756253344948
5.0,1.0,14.960865113308564,1.0,4.008965505907612,3.9898801358153606,Feynman17,c,4.008748954351664
5.0,1.0,9.786392983151442,1.0,4.021047573158099,4.036977423181528,Feynman17,c,4.022053823744042
5.0,1.0,10.962517851491118,1.0,4.016746733440916,4.0116570306784,Feynman17,c,4.016987841808603
5.0,1.0,7.564610935872647,1.0,4.0354156327973465,4.052134903243976,Feynman17,c,4.0358041039359405
5.0,1.0,15.906864276623935,1.0,4.007927759602894,3.98800182040059,Feynman17,c,4.007943747158412
5.0,1.0,14.972309521950608,1.0,4.008951759162686,4.019682933376571,Feynman17,c,4.008738561208184
5.0,1.0,6.319845064078487,1.0,4.051034915485786,4.063698276819061,Feynman17,c,4.0499614582395305
5.0,1.0,3.479926260239186,1.0,4.176141603349387,4.177378542528918,Feynman17,c,4.174838117461761
5.0,1.0,6.050784610285613,1.0,4.055772038456115,4.050258069898842,Feynman17,c,4.054519088305693
5.0,1.0,10.165465896407571,1.0,4.019495820700501,4.035300587895801,Feynman17,c,4.020284865659836
5.0,1.0,15.712455110117434,1.0,4.008125754438467,4.006306420204405,Feynman17,c,4.008103858930166
5.0,1.0,5.322426798416927,1.0,4.072526885104931,4.076113114368102,Feynman17,c,4.07151241933277
5.0,1.0,12.1068791851397,1.0,4.01371496637684,4.033049597943827,Feynman17,c,4.013307147413496
5.0,1.0,11.760737406948126,1.0,4.0145386355714745,4.0389208344949585,Feynman17,c,4.0142869138557895
5.0,1.0,9.114480750179197,1.0,4.024294546369009,4.026398132635238,Feynman17,c,4.025512096442451
5.0,1.0,14.508345906540502,1.0,4.00953553353889,4.0154544060510515,Feynman17,c,4.00918469948351
5.0,1.0,16.528454039666492,1.0,4.007341077678007,3.9864884123093227,Feynman17,c,4.007434697859253
5.0,1.0,9.673361791631871,1.0,4.02154632436024,4.008546854633019,Feynman17,c,4.02260610505685
5.0,1.0,18.024895464975735,1.0,4.00617004653448,4.016282209408021,Feynman17,c,4.006286765280822
5.0,1.0,13.448083886141324,1.0,4.0111049038609,4.012719451582067,Feynman17,c,4.010520542532774
5.0,1.0,11.174038018220696,1.0,4.016114915714852,4.011289251507558,Feynman17,c,4.016212283495478
5.0,1.0,13.419389997858875,1.0,4.011152643563193,4.029691137027433,Feynman17,c,4.010565396658734
5.0,1.0,11.754633850039761,1.0,4.014553820296491,4.009922383378931,Feynman17,c,4.0143052251433575
5.0,1.0,6.689947755190608,1.0,4.04545042530624,4.054941709485755,Feynman17,c,4.044761359840751
5.0,1.0,7.756399630192845,1.0,4.033663976629594,4.016982262375384,Feynman17,c,4.034257101369189
5.0,1.0,12.706624745637129,1.0,4.012444937055061,4.024667549147936,Feynman17,c,4.011874376853477
5.0,1.0,16.083514225666473,1.0,4.007754066212175,4.01716452153412,Feynman17,c,4.007798916352049
5.0,1.0,11.305354932221881,1.0,4.015740525717098,4.023406140854997,Feynman17,c,4.015752379916725
5.0,1.0,19.33104918710461,1.0,4.005362803077464,3.998647788275312,Feynman17,c,4.005747448256321
5.0,1.0,5.489349586806332,1.0,4.06807155093755,4.056955589628493,Feynman17,c,4.0668890641377535
5.0,1.0,4.753086036194766,1.0,4.091579295649676,4.084312595101903,Feynman17,c,4.09166055802404
5.0,1.0,19.296595188162602,1.0,4.0053820094064125,3.9951760119050217,Feynman17,c,4.005752936715381
5.0,1.0,9.32121317438488,1.0,4.023219555933499,4.003800215233448,Feynman17,c,4.024401963025844
5.0,1.0,19.700523820943943,1.0,4.005163149355142,4.010472671409023,Feynman17,c,4.005714111701207
5.0,1.0,13.960694849641417,1.0,4.01030127738109,4.005891957826277,Feynman17,c,4.009804616305841
5.0,1.0,9.636167201994889,1.0,4.021714337945787,3.995754058088912,Feynman17,c,4.022790364269124
5.0,1.0,6.871545945052413,1.0,4.043041477984548,4.05997523507193,Feynman17,c,4.042574195376016
5.0,1.0,9.561320453187067,1.0,4.02205845987856,4.016962560528913,Feynman17,c,4.023164972984625
5.0,1.0,15.758003960045482,1.0,4.008078704790833,4.001917162357153,Feynman17,c,4.008066240662254
5.0,1.0,7.809449771240574,1.0,4.0332024754930815,4.027723395635596,Feynman17,c,4.03384801770097
5.0,1.0,14.303545425519365,1.0,4.009811563742524,4.0171935421369644,Feynman17,c,4.009402242816925
5.0,1.0,14.498978471404776,1.0,4.009547903034322,4.020782683956143,Feynman17,c,4.009194330091924
5.0,1.0,12.545005885867825,1.0,4.0127692088997104,4.000372465131664,Feynman17,c,4.012228608037737
5.0,1.0,12.403336775638673,1.0,4.0130640095800665,4.006109163783272,Feynman17,c,4.012558118344193
5.0,1.0,19.53489669717711,1.0,4.005251245513722,4.019792114784805,Feynman17,c,4.005723760236232
5.0,1.0,19.824637188574297,1.0,4.005098580019487,3.9863677324672757,Feynman17,c,4.005711097681357
5.0,1.0,14.312663341451756,1.0,4.009799020805441,3.981866618124995,Feynman17,c,4.009392228436868
5.0,1.0,14.028541989661557,1.0,4.010201496283848,4.02194050505713,Feynman17,c,4.009720711066195
5.0,1.0,14.057059601716334,1.0,4.010159988962694,4.00028717105046,Feynman17,c,4.009686110973132
5.0,1.0,13.08208067992392,1.0,4.011737745754555,4.0069244535414965,Feynman17,c,4.011136103541683
5.0,1.0,4.414269892105927,1.0,4.106766394042326,4.110073055666393,Feynman17,c,4.107708379536476
5.0,1.0,10.190636077795675,1.0,4.019398932059248,4.018512540141361,Feynman17,c,4.020171932907678
5.0,1.0,5.3085216282916665,1.0,4.072917803557595,4.068326302249928,Feynman17,c,4.071920660905873
5.0,1.0,10.237544590301784,1.0,4.01922028677392,4.022832703467681,Feynman17,c,4.019962973847362
5.0,1.0,8.771608485695312,1.0,4.026250061463043,4.027891613762432,Feynman17,c,4.0274551758367085
5.0,1.0,6.295537531074128,1.0,4.051437424412848,4.05839740457011,Feynman17,c,4.050343549904791
5.0,1.0,6.636893550892186,1.0,4.046192661379204,4.0418322971337615,Feynman17,c,4.045441780569496
5.0,1.0,15.759854152337754,1.0,4.00807680228849,3.9953882727531074,Feynman17,c,4.008064714225176
5.0,1.0,14.764524393884376,1.0,4.009206369806598,4.001144872735761,Feynman17,c,4.008931581428445
5.0,1.0,19.340208680793662,1.0,4.0053577144415575,3.9932916985462352,Feynman17,c,4.005746065014036
5.0,1.0,19.328969492989035,1.0,4.005363959480066,4.004169518382658,Feynman17,c,4.005747766734314
5.0,1.0,8.794350922773273,1.0,4.026113139563136,4.033583724844764,Feynman17,c,4.027322002003761
5.0,1.0,12.062886161129152,1.0,4.013815704841867,4.003964425814572,Feynman17,c,4.013425314792156
5.0,1.0,5.979137992346633,1.0,4.057145603401741,4.063452827316585,Feynman17,c,4.055864574661114
5.0,1.0,5.589164329055268,1.0,4.065602324712387,4.03915396720024,Feynman17,c,4.064353951781682
5.0,1.0,9.177297028015271,1.0,4.0239601205197575,3.99040178221546,Feynman17,c,4.025170179460533
5.0,1.0,4.626420444031396,1.0,4.096848661709058,4.094992871621262,Feynman17,c,4.097252553879344
5.0,1.0,10.9664381707226,1.0,4.016734686993502,3.9969486596440036,Feynman17,c,4.016973080209349
5.0,1.0,15.526894553416003,1.0,4.008321745486911,4.014195417259583,Feynman17,c,4.008258133152164
5.0,1.0,12.581335451694725,1.0,4.012695220301811,4.011698291029443,Feynman17,c,4.0121469928951194
5.0,1.0,5.862595272666364,1.0,4.0594916239514856,4.0658881270419345,Feynman17,c,4.058185795183791
5.0,1.0,16.09465187637511,1.0,4.007743306980081,3.9869383856056917,Feynman17,c,4.007789794733338
5.0,1.0,6.706989762527032,1.0,4.045215819674732,4.027162982174574,Feynman17,c,4.044546950691591
5.0,1.0,12.97037491829623,1.0,4.0119417063527205,4.017722628558873,Feynman17,c,4.011343852819328
5.0,1.0,19.212593940171164,1.0,4.005429270772284,4.024137330435905,Feynman17,c,4.005768252701762
5.0,1.0,8.552148639874524,1.0,4.027628741465261,4.022934985491047,Feynman17,c,4.028775292890895
5.0,1.0,14.134236432151356,1.0,4.010048921875564,4.022267531337697,Feynman17,c,4.009594376256331
5.0,1.0,19.98312553199872,1.0,4.005017874304069,4.032156732648912,Feynman17,c,4.005710307274069
5.0,1.0,17.83220999304104,1.0,4.006304424592766,3.985132398849979,Feynman17,c,4.006416104072763
5.0,1.0,8.881855552743172,1.0,4.025596212340731,4.002846835466407,Feynman17,c,4.026815528189766
5.0,1.0,4.2677744841808405,1.0,4.114545109593628,4.11089572095685,Feynman17,c,4.115807183165076
5.0,1.0,7.592380657355506,1.0,4.035153616725225,4.024800600113761,Feynman17,c,4.0355730810184305
5.0,1.0,3.546152053432536,1.0,4.169204504891042,4.152447491408684,Feynman17,c,4.168695771691824
5.0,1.0,14.451726433842696,1.0,4.009610667212654,4.031453648458068,Feynman17,c,4.009243355980979
5.0,1.0,8.036393456997981,1.0,4.031331930799634,4.013432733966155,Feynman17,c,4.032178451145873
5.0,1.0,3.339775316971762,1.0,4.192340433688069,4.188648584103865,Feynman17,c,4.188678814636799
5.0,1.0,14.616009643968573,1.0,4.009395077074449,3.9959115784407424,Feynman17,c,4.009076005892884
5.0,1.0,15.240799116558158,1.0,4.008638126455819,4.013885747179451,Feynman17,c,4.008501131673219
5.0,1.0,13.889458108299632,1.0,4.01040762928166,4.004070820548525,Feynman17,c,4.009895208759218
5.0,1.0,12.185573142554237,1.0,4.013537499540553,4.02524497387671,Feynman17,c,4.0131003325793255
5.0,1.0,10.33927184884088,1.0,4.018841270359388,4.050760868289333,Feynman17,c,4.019516585270463
5.0,1.0,5.519542676732597,1.0,4.067310003400018,4.064234894207966,Feynman17,c,4.066104907479031
5.0,1.0,18.201284271236112,1.0,4.006050767875476,3.989726213200725,Feynman17,c,4.006177273134786
5.0,1.0,8.02557815770254,1.0,4.031417431932684,4.027658109578996,Feynman17,c,4.032255276208653
5.0,1.0,6.219598966724894,1.0,4.052726244200878,4.051388665566229,Feynman17,c,4.051573546920024
5.0,1.0,10.866528638061563,1.0,4.0170458061501275,4.005422654330349,Feynman17,c,4.017353810933855
5.0,1.0,12.936332646952664,1.0,4.012004922419571,4.018665041732952,Feynman17,c,4.011409123567048
5.0,1.0,5.497347525691681,1.0,4.0678685582788265,4.078212432222036,Feynman17,c,4.066679853727726
5.0,1.0,3.4534306548274194,1.0,4.179039636825503,4.18157830181035,Feynman17,c,4.177365610663852
5.0,1.0,17.840902823216762,1.0,4.006298268019271,3.9988286390308883,Feynman17,c,4.006410073571095
5.0,1.0,3.602360369840169,1.0,4.163639486113258,4.144496093664559,Feynman17,c,4.16367364223861
5.0,1.0,15.413208068145982,1.0,4.008445349660282,4.007993787116277,Feynman17,c,4.008353769276006
5.0,1.0,17.062665466742576,1.0,4.006887423802773,4.013089183644551,Feynman17,c,4.007000424118225
5.0,1.0,10.918153342750267,1.0,4.0168839709846855,4.029391416920558,Feynman17,c,4.017155905612774
5.0,1.0,7.159221041015245,1.0,4.039601439654604,4.037090681889427,Feynman17,c,4.0394995458599885
5.0,1.0,19.258967675597265,1.0,4.005403102994317,3.999272625009822,Feynman17,c,4.005759453888769
5.0,1.0,7.321867730688771,1.0,4.037836816078333,4.0330046067785155,Feynman17,c,4.037938499877769
5.0,1.0,3.4173931529973074,1.0,4.183100180856704,4.185170926342588,Feynman17,c,4.180869091846882
5.0,1.0,17.176293054881445,1.0,4.006796367850682,4.019072138489224,Feynman17,c,4.006909683379458
5.0,1.0,3.516034248526698,1.0,4.172306461190438,4.153508338087262,Feynman17,c,4.171458484956245
5.0,1.0,3.564489479103756,1.0,4.1673575396492115,4.168221106540928,Feynman17,c,4.16703835681405
5.0,1.0,19.784389584655965,1.0,4.005119385197269,4.014197124272472,Feynman17,c,4.005711763296919
5.0,1.0,10.035397364243526,1.0,4.020008288121394,4.028097104789281,Feynman17,c,4.020877439113484
5.0,1.0,7.379287649715567,1.0,4.03724205607594,4.056301083090835,Feynman17,c,4.037413813797278
5.0,1.0,13.00043595348934,1.0,4.0118862982324845,4.033375195333322,Feynman17,c,4.01128698292467
5.0,1.0,13.246650332751036,1.0,4.011446664494739,3.9978333572087386,Feynman17,c,4.0108473900538835
5.0,1.0,17.67955424451722,1.0,4.0064140300389015,4.016187298837098,Feynman17,c,4.006524669805274
5.0,1.0,18.222259344447316,1.0,4.006036814661062,3.9874442287580103,Feynman17,c,4.006164883496965
5.0,1.0,18.400890368493698,1.0,4.005919916877154,4.0114189550073895,Feynman17,c,4.006065301424243
5.0,1.0,9.154238759046557,1.0,4.024082070651173,4.0406158933749845,Feynman17,c,4.025295212058696
5.0,1.0,4.059544597994998,1.0,4.127178000984228,4.1149159264402915,Feynman17,c,4.128700809768476
5.0,1.0,4.355925184880363,1.0,4.109765264091724,4.114152651645979,Feynman17,c,4.1108431669584915
5.0,1.0,8.078182155134712,1.0,4.031004838074015,4.0633274734552405,Feynman17,c,4.031883997290572
5.0,1.0,14.864357418879475,1.0,4.009082700065519,4.014759380963883,Feynman17,c,4.008837653061698
5.0,1.0,8.858097501424412,1.0,4.025735027877084,4.031802247606825,Feynman17,c,4.026952123605493
5.0,1.0,15.582420453783637,1.0,4.0082623607128705,4.004711364804656,Feynman17,c,4.00821176573159
5.0,1.0,16.544492369617274,1.0,4.007326812496674,3.9950042438023603,Feynman17,c,4.007421576449489
5.0,1.0,13.78907472237631,1.0,4.010560317113471,3.9863315285059073,Feynman17,c,4.010027429723002
5.0,1.0,11.486944532311876,1.0,4.015243969919112,4.016405311721872,Feynman17,c,4.015143876945664
5.0,1.0,19.603976819286945,1.0,4.0052142299716795,4.028771598086471,Feynman17,c,4.005718819251849
5.0,1.0,6.06378878741122,1.0,4.055528082778812,4.060057590202264,Feynman17,c,4.054281208123198
5.0,1.0,10.594734005258257,1.0,4.017937568934837,4.008294747631267,Feynman17,c,4.018436800792317
5.0,1.0,5.398525589685595,1.0,4.070442635113321,4.081319168681022,Feynman17,c,4.06934245608927
5.0,1.0,6.302826232221053,1.0,4.05131622907168,4.038392658130761,Feynman17,c,4.050228399208078
5.0,1.0,17.567906238580857,1.0,4.006496013643221,4.021021199113466,Feynman17,c,4.0066069376387095
5.0,1.0,13.26045193378957,1.0,4.011422747195852,4.0214800414162815,Feynman17,c,4.010824084921622
5.0,1.0,19.847475888550512,1.0,4.005086830411114,3.9970897182130916,Feynman17,c,4.005710828846209
5.0,1.0,14.505822604050477,1.0,4.009538863135963,4.002310940397171,Feynman17,c,4.009187290844437
5.0,1.0,7.811400304556452,1.0,4.033185689124227,4.033971269718808,Feynman17,c,4.033833121310183
5.0,1.0,7.515746869024664,1.0,4.03588387892673,4.016865131791563,Feynman17,c,4.036216806063717
5.0,1.0,9.167926636357736,1.0,4.024009566153795,4.023078715851387,Feynman17,c,4.025220923876246
5.0,1.0,19.340783614512723,1.0,4.005357395273927,3.993705886712416,Feynman17,c,4.005745979241853
5.0,1.0,12.02067146988697,1.0,4.013913420128099,4.00610480221892,Feynman17,c,4.013540434055952
5.0,1.0,7.874164960498592,1.0,4.03265228418592,4.052158203500833,Feynman17,c,4.033359078244569
5.0,1.0,18.382373143386125,1.0,4.005931876131134,3.9738109208533463,Feynman17,c,4.006075112006994
5.0,1.0,9.938297982953344,1.0,4.020404180121686,3.9935682145934805,Feynman17,c,4.021329610275896
5.0,1.0,4.120033920211412,1.0,4.12329783539744,4.1253582767548265,Feynman17,c,4.124778357495247
5.0,1.0,7.414917621664307,1.0,4.03688005359007,4.025722666727425,Feynman17,c,4.037094674229494
5.0,1.0,13.64638113348616,1.0,4.010783218506218,3.996011887244619,Feynman17,c,4.010225151400158
5.0,1.0,19.5554952442581,1.0,4.005240166929854,4.011616640667841,Feynman17,c,4.005722138067674
5.0,1.0,12.063430648210982,1.0,4.013814451248787,3.997683757450031,Feynman17,c,4.013423841051791
5.0,1.0,13.426610171134294,1.0,4.011140601953844,3.994517497700213,Feynman17,c,4.010554058163893
5.0,1.0,15.390821019015537,1.0,4.008470014406437,3.996415450968928,Feynman17,c,4.008372730557434
5.0,1.0,10.553288924357037,1.0,4.018079693650859,4.029502158631856,Feynman17,c,4.018607942221906
5.0,1.0,17.463887636720145,1.0,4.006573818792341,4.007816028322681,Feynman17,c,4.0066854367416065
5.0,1.0,10.827911283280603,1.0,4.017168394777621,4.0052549126763,Feynman17,c,4.01750349040096
5.0,1.0,3.501997183151867,1.0,4.173782041386271,4.177221631104362,Feynman17,c,4.17276351872399
5.0,1.0,11.74377137693586,1.0,4.014580903497055,4.014686386864884,Feynman17,c,4.0143379029075525
5.0,1.0,17.62795861808339,1.0,4.00645172271598,3.9870126681049207,Feynman17,c,4.0065624123663754
5.0,1.0,7.588990170597743,1.0,4.03518545023263,4.04478569846744,Feynman17,c,4.035601153517169
5.0,1.0,3.2235062124435894,1.0,4.2075836669973015,4.223937907922012,Feynman17,c,4.201079813845321
5.0,1.0,14.732468827942467,1.0,4.009246615833041,4.01129956999393,Feynman17,c,4.008962255182332
5.0,1.0,5.010136056671863,1.0,4.082139158163179,4.079591461184304,Feynman17,c,4.0816347616999815
5.0,1.0,17.58823660044093,1.0,4.006480968253523,4.021442909561889,Feynman17,c,4.006591794927536
5.0,1.0,9.24557444684668,1.0,4.023604415103541,4.022867376514694,Feynman17,c,4.024803133392846
5.0,1.0,9.002448785863383,1.0,4.024908676025201,4.016636454835699,Feynman17,c,4.026132307969643
5.0,1.0,3.4113144739428902,1.0,4.18379900510463,4.1821751771363544,Feynman17,c,4.1814676085603875
5.0,1.0,10.512012889328114,1.0,4.018222927978655,4.022456835623641,Feynman17,c,4.0187799474362125
5.0,1.0,9.375592900457328,1.0,4.022948668141053,4.002396283578548,Feynman17,c,4.0241170070219265
5.0,1.0,9.780202575129252,1.0,4.021074436840711,4.032224261844772,Feynman17,c,4.0220837735604515
5.0,1.0,13.40899599814081,1.0,4.011170012753983,4.02117013762489,Feynman17,c,4.0105817810135544
5.0,1.0,3.5179064834923106,1.0,4.1721111026499935,4.195599440124467,Feynman17,c,4.171285263159554
5.0,1.0,4.283143240435239,1.0,4.113689248445623,4.110828001211642,Feynman17,c,4.1149214784069095
5.0,1.0,13.918565699032682,1.0,4.01036397515558,4.00178156372546,Feynman17,c,4.009857876187119
5.0,1.0,11.611396755136962,1.0,4.014917127601589,4.020000504759988,Feynman17,c,4.014745322058382
5.0,1.0,8.857373831178133,1.0,4.025739273963557,4.064495436967719,Feynman17,c,4.0269562948805
5.0,1.0,7.358221838141003,1.0,4.037458610464305,4.023595450755079,Feynman17,c,4.037604795784108
5.0,1.0,11.264187290367442,1.0,4.015856477217711,4.023859518228515,Feynman17,c,4.015894770014446
5.0,1.0,13.341495165200968,1.0,4.011283807202576,3.997012223182696,Feynman17,c,4.010689978804519
5.0,1.0,3.213622279664425,1.0,4.208964487821171,4.18844068874712,Feynman17,c,4.202174257766993
5.0,1.0,11.199106436710903,1.0,4.016042418122432,4.02147354108176,Feynman17,c,4.016123205282566
5.0,1.0,17.3081328713101,1.0,4.006692964338415,3.992822299019164,Feynman17,c,4.006805756733336
5.0,1.0,13.396659190964716,1.0,4.011190681315461,4.008154283717464,Feynman17,c,4.010601322808966
5.0,1.0,19.388030845102254,1.0,4.0053312637572205,4.017854673359037,Feynman17,c,4.005739350111928
5.0,1.0,19.020216847707687,1.0,4.005539882674523,3.988443132572946,Feynman17,c,4.005814102318201
5.0,1.0,14.281664892781682,1.0,4.009841761940445,4.011248915457073,Feynman17,c,4.009426407942014
5.0,1.0,16.87466178185749,1.0,4.007042154574434,3.997049133650234,Feynman17,c,4.007152247511163
5.0,1.0,6.678994742338309,1.0,4.04560217859286,4.042350768058437,Feynman17,c,4.044900216381197
5.0,1.0,17.426584952653165,1.0,4.006602062035283,3.98233663988031,Feynman17,c,4.006713972385673
5.0,1.0,14.350231823415868,1.0,4.009747593420775,4.0089444203452596,Feynman17,c,4.009351304569338
5.0,1.0,7.349243401659283,1.0,4.037551485027773,4.006420342336824,Feynman17,c,4.0376867220787585
5.0,1.0,16.44944103462229,1.0,4.007411967718221,4.021738284197021,Feynman17,c,4.007499357562521
5.0,1.0,17.403411006584154,1.0,4.006619699721292,4.020946612344324,Feynman17,c,4.006731793634798
5.0,1.0,10.97047843503445,1.0,4.016722285600026,4.02447980217155,Feynman17,c,4.01695788220321
5.0,1.0,18.678859400033282,1.0,4.005744656744558,4.014906084443405,Feynman17,c,4.005933454373973
5.0,1.0,3.2922295597643334,1.0,4.198359040481674,4.208522618683932,Feynman17,c,4.1936459071321694
5.0,1.0,18.47091294791231,1.0,4.005875018815307,3.996994874568379,Feynman17,c,4.0060293255390995
5.0,1.0,5.117872971377857,1.0,4.078615762224606,4.10453268089436,Feynman17,c,4.077907435895462
5.0,1.0,3.5545809534752237,1.0,4.168351681885449,4.155246747856805,Feynman17,c,4.167931627809773
5.0,1.0,6.407935268706285,1.0,4.0496153649648825,4.054673330872108,Feynman17,c,4.048621757140063
5.0,1.0,14.741371982615009,1.0,4.0092354113894455,4.003000384652676,Feynman17,c,4.008953709530694
5.0,1.0,7.927392879157903,1.0,4.032209980555771,4.019946128639939,Feynman17,c,4.03296484704473
5.0,1.0,10.322776459793529,1.0,4.0189019615142065,4.0103972466518965,Feynman17,c,4.019588337757312
5.0,1.0,9.403414429870653,1.0,4.022811912155178,4.031032559378948,Feynman17,c,4.023972320989115
5.0,1.0,14.237986418889708,1.0,4.009902463301462,4.024481485145078,Feynman17,c,4.009475221339812
5.0,1.0,6.525937444191401,1.0,4.047805289646943,4.0309812448117786,Feynman17,c,4.046931264938736
5.0,1.0,5.668242145176954,1.0,4.063740971263861,4.054715469100674,Feynman17,c,4.06245805533599
5.0,1.0,11.867182864193198,1.0,4.014277598108365,4.020858723788069,Feynman17,c,4.013973359328081
5.0,1.0,6.050040931255804,1.0,4.055786038629134,4.0756405919203695,Feynman17,c,4.054532749900363
5.0,1.0,7.998152323226478,1.0,4.031635830659981,4.025396965546942,Feynman17,c,4.032451256529749
5.0,1.0,8.41560456799003,1.0,4.028542270004581,4.027007723701678,Feynman17,c,4.029631545975026
5.0,1.0,14.357262191658352,1.0,4.009738014604773,4.02119288570527,Feynman17,c,4.009343705869353
5.0,1.0,19.518075428400575,1.0,4.005260318649487,4.000393988821135,Feynman17,c,4.005725182675922
5.0,1.0,5.021707916140008,1.0,4.0817493659015724,4.06820804668691,Feynman17,c,4.081221739394013
5.0,1.0,7.754586503660587,1.0,4.033679920054669,4.027997893377485,Feynman17,c,4.034271219237935
5.0,1.0,9.214108051126239,1.0,4.0237673518556045,4.034845518419035,Feynman17,c,4.024971703382887
5.0,1.0,10.11263639540736,1.0,4.019701560620929,4.037512026544338,Feynman17,c,4.0205237346786795
5.0,1.0,4.254252272489841,1.0,4.115306271814904,4.1126681010493575,Feynman17,c,4.116593684638227
5.0,1.0,6.26980763129043,1.0,4.051868730140315,4.042005528093083,Feynman17,c,4.050754062110712
5.0,1.0,7.883523098507832,1.0,4.032573861462415,4.018943453777485,Feynman17,c,4.033289260508146
5.0,1.0,8.669749345125293,1.0,4.0268767653441575,4.015247874485767,Feynman17,c,4.028059783759424
5.0,1.0,10.466422403065003,1.0,4.018383125984784,3.995289640197744,Feynman17,c,4.018971736807407
5.0,1.0,17.748498783697134,1.0,4.006364177109057,4.0206756400865435,Feynman17,c,4.006475035411342
5.0,1.0,17.198490040176104,1.0,4.006778791309418,4.0407501014585225,Feynman17,c,4.006892073740971
5.0,1.0,10.92423441282445,1.0,4.016865059982869,3.9860748150770786,Feynman17,c,4.017132758995388
5.0,1.0,15.070148973824681,1.0,4.008835517872966,4.00590585306775,Feynman17,c,4.008650695784593
5.0,1.0,19.05813717291298,1.0,4.005517813402444,3.9963059032630373,Feynman17,c,4.0058038517364
5.0,1.0,11.412740869783097,1.0,4.015443994875967,4.0083809418386895,Feynman17,c,4.015388669632011
5.0,1.0,15.700111614285593,1.0,4.00813857550464,4.002044761231471,Feynman17,c,4.008114067369829
5.0,1.0,8.830073055143686,1.0,4.025900232716555,4.013985111578936,Feynman17,c,4.027114119420754
5.0,1.0,10.072956808191426,1.0,4.019858243945934,4.033018550671106,Feynman17,c,4.0207047790758415
5.0,1.0,19.37248005504509,1.0,4.005339843432298,4.015939837257374,Feynman17,c,4.005741441188732
5.0,1.0,14.66176882901875,1.0,4.009336319608503,4.017991830531537,Feynman17,c,4.0090308621121045
5.0,1.0,5.160447122456157,1.0,4.077286255687416,4.07015282317374,Feynman17,c,4.076505249583243
5.0,1.0,13.972754756278245,1.0,4.01028343435542,3.981131278825788,Feynman17,c,4.009789535652238
5.0,1.0,8.943109566244175,1.0,4.025243466183079,4.042627228123037,Feynman17,c,4.0264664123850755
5.0,1.0,17.40590660686655,1.0,4.006617796923833,4.005434690005838,Feynman17,c,4.006729871122362
5.0,1.0,10.977719342212781,1.0,4.016700094526999,4.003768187386,Feynman17,c,4.0169306832502585
5.0,1.0,19.41899618411677,1.0,4.005314241081337,4.015981605735398,Feynman17,c,4.005735446371378
5.0,1.0,14.312271489063528,1.0,4.0097995593565035,4.021574668630213,Feynman17,c,4.009392658149284
5.0,1.0,11.72108067638118,1.0,4.014637722698188,4.038140272067054,Feynman17,c,4.014406532579036
5.0,1.0,17.759005566055674,1.0,4.006356630889885,3.997476744956913,Feynman17,c,4.006467556047239
5.0,1.0,8.58759832427559,1.0,4.02739876469507,4.032005612136095,Feynman17,c,4.028557556186923
5.0,1.0,5.668016742939794,1.0,4.063746162823478,4.046651957570603,Feynman17,c,4.062463323802008
5.0,1.0,12.450236383268022,1.0,4.012965293469352,3.999946781201028,Feynman17,c,4.012447035116942
5.0,1.0,6.740894754436839,1.0,4.04475447230564,4.068558559984208,Feynman17,c,4.0441262255214605
5.0,1.0,11.35687392458087,1.0,4.015597205429646,3.9959521523003185,Feynman17,c,4.015576494491128
5.0,1.0,18.75224279979747,1.0,4.005699687478741,4.018644545568777,Feynman17,c,4.005903719543185
5.0,1.0,5.455278642912672,1.0,4.068946666512504,4.086551404376291,Feynman17,c,4.067792526376087
5.0,1.0,10.977675709467384,1.0,4.016700228114866,3.993546533121838,Feynman17,c,4.0169308469986875
5.0,1.0,12.560916982078657,1.0,4.012736724925433,4.00537666127574,Feynman17,c,4.012192719983282
5.0,1.0,9.392602506471832,1.0,4.022864911870122,4.042884838097444,Feynman17,c,4.024028460439195
5.0,1.0,10.989480038314287,1.0,4.016664145959013,4.022453871874663,Feynman17,c,4.016886612613592
5.0,1.0,13.289777777425927,1.0,4.011372175931021,4.0080134200299335,Feynman17,c,4.010775020100416
5.0,1.0,7.157098707259716,1.0,4.03962527980197,4.039794506052528,Feynman17,c,4.0395206943361766
5.0,1.0,8.704597671371538,1.0,4.026659845205882,4.011703733341491,Feynman17,c,4.027851406104336
5.0,1.0,19.575569430336312,1.0,4.005229404083918,4.006430884180762,Feynman17,c,4.005720680622984
5.0,1.0,11.313096460262075,1.0,4.015718863564419,4.00569323803859,Feynman17,c,4.015725786509586
5.0,1.0,10.798395023700504,1.0,4.017262988288512,3.994711654783876,Feynman17,c,4.017618836665117
5.0,1.0,7.952916324687209,1.0,4.032001084443574,4.04507581529016,Feynman17,c,4.032778241777925
5.0,1.0,16.114682736619073,1.0,4.007724013026116,3.994580638962102,Feynman17,c,4.007773391311281
5.0,1.0,13.769657944842809,1.0,4.010590239062694,4.003363882596467,Feynman17,c,4.010053644706768
5.0,1.0,16.993878260474713,1.0,4.006943439537377,4.019876915781847,Feynman17,c,4.007055768212919
5.0,1.0,18.158797903020535,1.0,4.00607917977022,3.977130816764346,Feynman17,c,4.006202793749689
5.0,1.0,8.245324064902972,1.0,4.02974665836187,4.03239220399221,Feynman17,c,4.030741971024011
5.0,1.0,12.2261066464062,1.0,4.013447433533646,4.021937033597363,Feynman17,c,4.012996076256229
5.0,1.0,16.819655955754094,1.0,4.007088412937887,4.008660303490866,Feynman17,c,4.007196949032429
5.0,1.0,12.697458016221306,1.0,4.012462996490164,3.9813838088805773,Feynman17,c,4.011893862665254
5.0,1.0,14.38525038276074,1.0,4.009700020756023,4.0185007741361165,Feynman17,c,4.009313637561695
5.0,1.0,3.266522040148797,1.0,4.201734572452923,4.223122049915259,Feynman17,c,4.196391070218776
5.0,1.0,16.145799826684303,1.0,4.007694183539251,4.017735542472203,Feynman17,c,4.007747912708822
5.0,1.0,7.371240093021076,1.0,4.037324560893878,4.037074432904034,Feynman17,c,4.037486568897746
5.0,1.0,4.078262535910633,1.0,4.125957670750884,4.15153464620902,Feynman17,c,4.127470986654094
5.0,1.0,13.592260649751461,1.0,4.010869611864786,4.0139773264434995,Feynman17,c,4.0103033115681015
5.0,1.0,9.51883341563278,1.0,4.022257464201727,4.025150969882917,Feynman17,c,4.023379913059077
5.0,1.0,9.038102050408849,1.0,4.024710724264286,4.054530186819832,Feynman17,c,4.025933453581456
5.0,1.0,16.38565257150519,1.0,4.007469950899976,3.986910640952801,Feynman17,c,4.007551569671165
5.0,1.0,8.838577901869964,1.0,4.025849928150436,4.020136745244485,Feynman17,c,4.027064856529282
5.0,1.0,3.5961330933411495,1.0,4.164242125616374,4.157922473999281,Feynman17,c,4.1642215760072645
5.0,1.0,6.579684997416699,1.0,4.047013696939375,4.051985551430759,Feynman17,c,4.046198187609164
5.0,1.0,19.279010488000914,1.0,4.005391851790766,3.9843149332488808,Feynman17,c,4.005755913793515
5.0,1.0,18.329736978451397,1.0,4.0059660696838035,4.021573222781246,Feynman17,c,4.0061036600916635
5.0,1.0,9.937939793856442,1.0,4.020405662261602,4.023270990059567,Feynman17,c,4.021331293792645
5.0,1.0,18.473452314902843,1.0,4.005873400203242,3.9917108604916556,Feynman17,c,4.006028054765591
5.0,1.0,14.5314657779428,1.0,4.009505107050069,4.023787450530055,Feynman17,c,4.009161052261716
5.0,1.0,12.886333481325554,1.0,4.0120986856093515,4.006235089349524,Feynman17,c,4.011506681927767
5.0,1.0,19.298282813747868,1.0,4.005381066239049,4.00950365031791,Feynman17,c,4.005752657291222
5.0,1.0,7.036998080124645,1.0,4.041010442396192,4.057795509271246,Feynman17,c,4.04075290223837
5.0,1.0,17.952076560964276,1.0,4.006220320158024,4.00933897107349,Feynman17,c,4.006334537925728
5.0,1.0,19.603886994286402,1.0,4.005214277848461,4.001130704407281,Feynman17,c,4.005718824775719
5.0,1.0,9.171100572093813,1.0,4.0239928007671235,4.01667614712065,Feynman17,c,4.025203725620473
5.0,1.0,12.901524557107196,1.0,4.012070081844454,4.007469732204694,Feynman17,c,4.011476826649838
5.0,1.0,8.43064062038864,1.0,4.02843946309017,4.045779628801229,Feynman17,c,4.029535835724833
5.0,1.0,11.07435796803096,1.0,4.01640811676491,4.019559679266941,Feynman17,c,4.016572450088946
5.0,1.0,16.732897398620004,1.0,4.007162307110932,3.998703616447371,Feynman17,c,4.007267629497871
5.0,1.0,12.852877153654905,1.0,4.012162041817439,4.0102805401925945,Feynman17,c,4.011573099582805
5.0,1.0,6.900921117567738,1.0,4.042669956546056,4.053258753541952,Feynman17,c,4.042239591634257
5.0,1.0,17.147087143397172,1.0,4.006819598793514,4.000313119607658,Feynman17,c,4.006932915145076
5.0,1.0,9.608814260904035,1.0,4.021839155932708,4.0400586294443,Feynman17,c,4.022926671765679
5.0,1.0,17.55417410214399,1.0,4.006506205735637,3.9818039657558746,Feynman17,c,4.0066172043768855
5.0,1.0,11.580053052524507,1.0,4.014998444562875,4.009369466041661,Feynman17,c,4.014844281895584
5.0,1.0,8.906296801604505,1.0,4.025454577457897,4.024273026494458,Feynman17,c,4.026675701771794
5.0,1.0,13.377034025308728,1.0,4.011223679058487,4.015193530699978,Feynman17,c,4.010632623204039
5.0,1.0,3.254763660400866,1.0,4.203308013101454,4.199628222118756,Feynman17,c,4.197660810177904
5.0,1.0,6.336835836823226,1.0,4.050756381383999,4.034612494724262,Feynman17,c,4.04969762665644
5.0,1.0,19.2355010139752,1.0,4.005416321047304,4.020717379873501,Feynman17,c,4.0057637995739475
5.0,1.0,3.216348051358656,1.0,4.208582280188267,4.212769135174608,Feynman17,c,4.201871790815714
5.0,1.0,19.114894074905155,1.0,4.0054850271836155,4.01479941806637,Feynman17,c,4.005789629401653
5.0,1.0,16.712533757117377,1.0,4.007179818839611,4.005399254344311,Feynman17,c,4.007284244012793
5.0,1.0,16.715783798191914,1.0,4.007177019656274,3.978787208473866,Feynman17,c,4.007281591798726
5.0,1.0,4.987184711588776,1.0,4.082920641926027,4.08015613287087,Feynman17,c,4.082463223558508
5.0,1.0,5.461276224684422,1.0,4.06879138821164,4.074899315255551,Feynman17,c,4.067632038998407
5.0,1.0,14.77438970234599,1.0,4.0091940367585375,4.00199647432034,Feynman17,c,4.008922193453616
5.0,1.0,5.843565914095727,1.0,4.05988847869887,4.058838756149458,Feynman17,c,4.058581217130928
5.0,1.0,19.739537608685755,1.0,4.005142720993607,4.0309869989820815,Feynman17,c,4.005712841362517
5.0,1.0,6.025175768813357,1.0,4.056257212253187,4.037985079572528,Feynman17,c,4.054993162956986
5.0,1.0,19.445003170902353,1.0,4.005300007131572,3.9981247843736543,Feynman17,c,4.005732429845628
5.0,1.0,12.73248483357609,1.0,4.0123942012915075,4.006670369097866,Feynman17,c,4.011819792690996
5.0,1.0,16.192404320785478,1.0,4.007649829985316,4.002618019101901,Feynman17,c,4.007709758455672
5.0,1.0,3.736667443564855,1.0,4.151422926698373,4.169572014637709,Feynman17,c,4.152351998636622
5.0,1.0,9.416191842910317,1.0,4.022749515570793,3.998451652445815,Feynman17,c,4.02390611974199
5.0,1.0,16.880209121877847,1.0,4.0070375145908965,4.006469547083656,Feynman17,c,4.007147745078292
5.0,1.0,17.86893303473901,1.0,4.006278477373179,4.002064738503659,Feynman17,c,4.006390747350042
5.0,1.0,13.75384112018498,1.0,4.010614707571811,3.9932292812887455,Feynman17,c,4.010075156698071
5.0,1.0,9.746891511806908,1.0,4.021219881598317,4.0098211515207876,Feynman17,c,4.022245525592449
5.0,1.0,19.549573356666855,1.0,4.005243348322211,4.010153982027937,Feynman17,c,4.005722591122719
5.0,1.0,9.081956918958213,1.0,4.024470465516768,4.007888970296647,Feynman17,c,4.025690755903135
5.0,1.0,18.445090674573475,1.0,4.005891516223969,4.0167565529547895,Feynman17,c,4.006042383455415
5.0,1.0,3.061077550776604,1.0,4.232203243925956,4.21329014709616,Feynman17,c,4.2199047483616825
5.0,1.0,11.242404364333039,1.0,4.015918350396194,4.030034304843287,Feynman17,c,4.015970774200486
5.0,1.0,3.3572274734428573,1.0,4.1902013848322754,4.173664142054915,Feynman17,c,4.186890872456341
5.0,1.0,6.150483683355241,1.0,4.053942123945763,4.0286108734735055,Feynman17,c,4.052742971068991
5.0,1.0,5.257240057877256,1.0,4.074387410831947,4.050361515624631,Feynman17,c,4.073458589816618
5.0,1.0,10.642763432217512,1.0,4.0177749560251215,4.018627444189717,Feynman17,c,4.018240443411329
5.0,1.0,16.46392067909799,1.0,4.0073988999569705,4.016194575391593,Feynman17,c,4.007487506683603
5.0,1.0,18.73415924315021,1.0,4.005710719872024,4.006767785018607,Feynman17,c,4.005910843055307
5.0,1.0,5.9960989529663085,1.0,4.056815858051498,4.0484961108026045,Feynman17,c,4.0555406317077285
5.0,1.0,19.908085395826397,1.0,4.005055845526957,4.010884063284803,Feynman17,c,4.005710419589915
5.0,1.0,19.122705467022623,1.0,4.005480537753394,4.022383337558102,Feynman17,c,4.005787776533286
5.0,1.0,12.415552989780457,1.0,4.0130381879371795,4.0238553639624515,Feynman17,c,4.012528991851272
5.0,1.0,11.258473964839997,1.0,4.015872670582187,4.019678084560532,Feynman17,c,4.015914660467735
5.0,1.0,7.65958758905773,1.0,4.0345314553765865,4.0580916528324344,Feynman17,c,4.035024093019774
5.0,1.0,17.730652122841526,1.0,4.006377025859764,4.005576585543936,Feynman17,c,4.006487792104501
5.0,1.0,5.595900081410909,1.0,4.065440595029118,4.051084354751114,Feynman17,c,4.064188681421664
5.0,1.0,11.809826980160512,1.0,4.01441736921459,4.019122110008835,Feynman17,c,4.0141409512288435
5.0,1.0,9.722370541877915,1.0,4.021327913375144,4.021578803261966,Feynman17,c,4.022365231433238
5.0,1.0,11.19901034727024,1.0,4.016042695075432,3.9999124774026495,Feynman17,c,4.01612354557372
5.0,1.0,12.309435770773614,1.0,4.013265080501607,3.9998741196363126,Feynman17,c,4.012786551993384
5.0,1.0,15.719263788105744,1.0,4.0081186953062815,4.019994328011086,Feynman17,c,4.0080982306327115
5.0,1.0,6.897358216090363,1.0,4.042714759965215,4.0477886496119435,Feynman17,c,4.042279906796192
5.0,1.0,6.652739374773117,1.0,4.045969072199566,4.035628494347658,Feynman17,c,4.045236476893051
5.0,1.0,19.963130079585806,1.0,4.005027950305991,4.003963947690058,Feynman17,c,4.005710312687556
5.0,1.0,19.911016569783442,1.0,4.005054354234901,3.9811988725359697,Feynman17,c,4.005710408888374
5.0,1.0,8.687938103835366,1.0,4.0267632158835625,4.0298638757282,Feynman17,c,4.027950821195054
5.0,1.0,17.922231745699627,1.0,4.006241102608757,4.0052234512858,Feynman17,c,4.006354517218091
5.0,1.0,4.573355375822292,1.0,4.099193962031477,4.07356737602668,Feynman17,c,4.099735152834579
5.0,1.0,19.332093839992385,1.0,4.005362222345097,4.003395420893634,Feynman17,c,4.005747288897992
5.0,1.0,12.776175394022815,1.0,4.012309186557518,4.0366345785062885,Feynman17,c,4.011728862540461
5.0,1.0,17.791693059559165,1.0,4.0063332396655635,4.008111377462801,Feynman17,c,4.006444436701411
5.0,1.0,10.315153440380403,1.0,4.018930108088722,4.0239159632663295,Feynman17,c,4.019621579382339
5.0,1.0,16.60584836903729,1.0,4.007272622203371,4.0032851638581155,Feynman17,c,4.00737139638682
5.0,1.0,13.319756057645504,1.0,4.011320826391102,3.9843121072859846,Feynman17,c,4.0107254961134835
5.0,1.0,15.511477685493244,1.0,4.008338347470539,4.013399776374327,Feynman17,c,4.00827104386667
5.0,1.0,7.964971620795061,1.0,4.031903126840687,4.032959099285098,Feynman17,c,4.032690638371613
5.0,1.0,9.756538164358245,1.0,4.021177606901463,4.020902580715141,Feynman17,c,4.022198580925119
5.0,1.0,14.989473984156028,1.0,4.008931200888428,3.9951192622680747,Feynman17,c,4.008723020481685
5.0,1.0,5.85171484970739,1.0,4.059718045451135,4.028101245816313,Feynman17,c,4.0584113042144265
5.0,1.0,8.883034361632772,1.0,4.025589354058215,4.026476731744141,Feynman17,c,4.0268087681700155
5.0,1.0,5.5536232726384585,1.0,4.0664657815670475,4.041076360695696,Feynman17,c,4.065237969925877
5.0,1.0,18.299689961336163,1.0,4.0059857216756685,3.989201794046157,Feynman17,c,4.006120386522583
5.0,1.0,17.40836043113939,1.0,4.006615926779432,3.982463417203018,Feynman17,c,4.006727981571494
5.0,1.0,6.672881029779594,1.0,4.045687216305559,4.040163390104799,Feynman17,c,4.044978084911967
5.0,1.0,8.905131617789392,1.0,4.025461302795369,4.0331630975872566,Feynman17,c,4.026682351787905
5.0,1.0,6.14682786381467,1.0,4.054007612810145,4.051599656537566,Feynman17,c,4.052806203364382
5.0,1.0,3.6708458960378705,1.0,4.157229108801642,4.126549909275005,Feynman17,c,4.157783695741921
5.0,1.0,10.196343872717978,1.0,4.0193770615175755,4.019757104659541,Feynman17,c,4.020146401943884
5.0,1.0,3.0661536628153656,1.0,4.231367102343162,4.232231910169686,Feynman17,c,4.219288695968008
5.0,1.0,16.27131711091115,1.0,4.0075755990617905,3.9861795712435657,Feynman17,c,4.0076451609840085
5.0,1.0,7.672578280376641,1.0,4.034413109652142,4.0212935097071645,Feynman17,c,4.034919578266949
5.0,1.0,5.107293482024048,1.0,4.078951512582427,4.062609319208436,Feynman17,c,4.078261957021714
5.0,1.0,17.738994858454575,1.0,4.006371014642738,4.03204104104684,Feynman17,c,4.006481820623827
5.0,1.0,4.490227894331753,1.0,4.103045152570881,4.094878357141994,Feynman17,c,4.103799413269636
5.0,1.0,6.855357620320582,1.0,4.043248307867995,4.050372035421562,Feynman17,c,4.042760772575142
5.0,1.0,9.915433504650187,1.0,4.020499116039034,4.008477115869889,Feynman17,c,4.021437303835253
5.0,1.0,9.957013801364381,1.0,4.020326961155534,4.033502120004039,Feynman17,c,4.021241803090807
5.0,1.0,9.696380813972247,1.0,4.021443321544201,4.036435967755089,Feynman17,c,4.022492698518604
5.0,1.0,6.592784639707044,1.0,4.0468237631950466,4.048382219485892,Feynman17,c,4.046022850505077
5.0,1.0,17.61520156623923,1.0,4.006461093526848,3.986266873909582,Feynman17,c,4.006571818808785
5.0,1.0,14.582396295141859,1.0,4.00943859309169,3.9934125776779164,Feynman17,c,4.009109557349301
5.0,1.0,5.990012387622278,1.0,4.056933858165818,4.0729049621403535,Feynman17,c,4.055656488059737
5.0,1.0,8.411100009664478,1.0,4.028573178213842,4.041647620901293,Feynman17,c,4.0296602900926555
5.0,1.0,17.49703592466401,1.0,4.006548872926199,3.9885053341413386,Feynman17,c,4.00666024332441
5.0,1.0,14.967476306264807,1.0,4.0089575608399866,3.9930598522229763,Feynman17,c,4.008742947360773
5.0,1.0,5.052966690480095,1.0,4.080710330426643,4.08234014694907,Feynman17,c,4.0801215176053205
5.0,1.0,4.084489542704326,1.0,4.125555647791026,4.122740269969498,Feynman17,c,4.127065064767702
5.0,1.0,16.02314185135822,1.0,4.0078127798294325,4.007279128034788,Feynman17,c,4.0078483755700125
5.0,1.0,6.687104791670878,1.0,4.045489741096807,4.070819757943553,Feynman17,c,4.044797321731816
5.0,1.0,8.149817287494917,1.0,4.030455968325774,4.004066192269507,Feynman17,c,4.031387760841514
5.0,1.0,6.215664732177486,1.0,4.052794339650727,4.062746544527361,Feynman17,c,4.051638810242444
5.0,1.0,7.503660687189938,1.0,4.036001135229681,4.040028100213691,Feynman17,c,4.036320134419181
5.0,1.0,7.479924491091771,1.0,4.03623310284692,4.0334173217398925,Feynman17,c,4.036524540008128
5.0,1.0,14.854678088014543,1.0,4.009094580936371,4.005285921820292,Feynman17,c,4.008846658850317
5.0,1.0,19.421201308009255,1.0,4.005313031964411,4.028748247177729,Feynman17,c,4.005735181406651
5.0,1.0,6.447842563024206,1.0,4.048991807343272,4.068091982062802,Feynman17,c,4.04803714890127
5.0,1.0,12.756008127765261,1.0,4.012348319565923,3.9970564750847326,Feynman17,c,4.011770634757027
5.0,1.0,13.682797539315112,1.0,4.010725665620211,4.012492638266727,Feynman17,c,4.01017355853504
5.0,1.0,18.738277037387597,1.0,4.00570820487656,4.0215679631971755,Feynman17,c,4.005909209181465
5.0,1.0,14.529061814209973,1.0,4.009508263945988,3.999513526873998,Feynman17,c,4.009163503034405
5.0,1.0,9.727604228594902,1.0,4.021304786051297,4.0292460067004985,Feynman17,c,4.022339636352693
5.0,1.0,19.554289764663757,1.0,4.0052408143100005,3.988430963507518,Feynman17,c,4.005722229430783
5.0,1.0,10.808391723107984,1.0,4.017230863383798,4.020769319402584,Feynman17,c,4.017579679391263
5.0,1.0,12.474553359726391,1.0,4.012914550734681,4.021721392069573,Feynman17,c,4.012390221649252
5.0,1.0,13.758107042332243,1.0,4.010608099866442,4.008358061276111,Feynman17,c,4.010069340747836
5.0,1.0,4.527993285176466,1.0,4.101267883379551,4.091616120932338,Feynman17,c,4.101925944798709
5.0,1.0,12.839452990430924,1.0,4.012187603328789,4.032495562437203,Feynman17,c,4.011600008066045
5.0,1.0,17.106349427221186,1.0,4.006852201986182,4.0224809244539665,Feynman17,c,4.006965429166687
5.0,1.0,7.371542836998291,1.0,4.03732145213103,4.047273999069111,Feynman17,c,4.037483827353439
5.0,1.0,12.283162790474021,1.0,4.013322171794742,4.062974396902952,Feynman17,c,4.012851918134148
5.0,1.0,12.040513085008545,1.0,4.013867363394913,4.038285730323836,Feynman17,c,4.013486114783969
5.0,1.0,15.819781477933311,1.0,4.008015542593186,3.9813884981699874,Feynman17,c,4.008015333244862
5.0,1.0,3.7890471955415443,1.0,4.147033235576717,4.146021990833507,Feynman17,c,4.148184630726623
5.0,1.0,10.040984245952028,1.0,4.019985861676544,4.0339352333167655,Feynman17,c,4.020851676980843
5.0,1.0,4.225263222692131,1.0,4.116964215957027,4.14159044735436,Feynman17,c,4.118302808274701
5.0,1.0,10.618052696729716,1.0,4.01785834092215,4.008068695388857,Feynman17,c,4.018341202561143
5.0,1.0,9.191002516629032,1.0,4.02388807491486,4.063570757020624,Feynman17,c,4.025096121161471
5.0,1.0,10.944357055568107,1.0,4.016802708765427,4.020374159121011,Feynman17,c,4.017056414433709
5.0,1.0,7.4165946338951265,1.0,4.036863145881683,4.008183467224187,Feynman17,c,4.037079771323124
5.0,1.0,15.280137922635253,1.0,4.008593562642157,3.9842722216032946,Feynman17,c,4.008467217193679
5.0,1.0,12.417848177305482,1.0,4.013033345113415,4.0018811433764165,Feynman17,c,4.01252353467372
5.0,1.0,14.975025137219559,1.0,4.008948501878225,4.006348477098198,Feynman17,c,4.008736098752682
5.0,1.0,12.768106271097164,1.0,4.012324821671607,4.007994387746659,Feynman17,c,4.011745534877318
5.0,1.0,12.881280756172067,1.0,4.012108222118976,4.010998974954804,Feynman17,c,4.011516653838002
5.0,1.0,11.936499263116243,1.0,4.01411138083002,3.990203556431844,Feynman17,c,4.013775049122584
5.0,1.0,6.0441690825138235,1.0,4.055896766116227,4.0563556466798,Feynman17,c,4.0546408380066135
5.0,1.0,15.058937959665,1.0,4.008848722130086,4.01245776015983,Feynman17,c,4.008660678400537
5.0,1.0,19.987389243347597,1.0,4.005015729677845,4.028769013565015,Feynman17,c,4.005710307192398
5.0,1.0,7.99482912586171,1.0,4.0316624493124475,4.039627651003688,Feynman17,c,4.032475118320283
5.0,1.0,9.399425409742598,1.0,4.022831444675112,3.9886480627843217,Feynman17,c,4.023993020437884
5.0,1.0,16.598777738550663,1.0,4.007278836329734,4.0217730854260525,Feynman17,c,4.007377177466755
5.0,1.0,14.39217988277009,1.0,4.009690648372551,3.9969690613753945,Feynman17,c,4.009306237551395
5.0,1.0,4.094146798656487,1.0,4.124936018753968,4.116745783062231,Feynman17,c,4.126438683846528
5.0,1.0,16.39518228006093,1.0,4.007461245292616,3.9654789243143074,Feynman17,c,4.007543769118583
5.0,1.0,18.172414837888823,1.0,4.006070051953651,4.00996630379658,Feynman17,c,4.006194553198317
5.0,1.0,12.997595202397878,1.0,4.011891517727811,3.9980633141810396,Feynman17,c,4.011292326495584
5.0,1.0,5.558854467328752,1.0,4.066337616637664,4.085410822614837,Feynman17,c,4.065106579281039
5.0,1.0,13.001761664329498,1.0,4.011883863596127,4.017178815360864,Feynman17,c,4.011284491386284
5.0,1.0,17.505751142306405,1.0,4.006542337849504,3.997532542251004,Feynman17,c,4.006653646296751
5.0,1.0,4.533803437092085,1.0,4.1009985894661884,4.109967671603506,Feynman17,c,4.101641743559379
5.0,1.0,12.591860880103072,1.0,4.0126739045864515,3.9988646269327317,Feynman17,c,4.012123564576727
5.0,1.0,5.757427715919427,1.0,4.061735903536624,4.064938521330374,Feynman17,c,4.060431921968346
5.0,1.0,11.948423429649068,1.0,4.014083080571853,4.030433103249844,Feynman17,c,4.013741400185306
5.0,1.0,19.122201269086386,1.0,4.005480827363807,3.9874088563376664,Feynman17,c,4.005787895369157
5.0,1.0,8.451299227020716,1.0,4.028299119327699,4.050223856122134,Feynman17,c,4.029404923541699
5.0,1.0,17.933653389860524,1.0,4.006233136846763,4.01366279919635,Feynman17,c,4.006346844453581
5.0,1.0,16.667675569980986,1.0,4.0072186221632915,3.993830263036857,Feynman17,c,4.007320869406452
5.0,1.0,10.580880938973898,1.0,4.017984886830205,4.036502147478783,Feynman17,c,4.018493829825272
5.0,1.0,4.232120684747258,1.0,4.1165687632501635,4.123665276391193,Feynman17,c,4.117895655052858
5.0,1.0,5.037383408681833,1.0,4.081225798629494,4.079305024987937,Feynman17,c,4.080667200664382
5.0,1.0,11.600507215740382,1.0,4.014945303757271,4.003400731847006,Feynman17,c,4.014779594848571
5.0,1.0,19.935260364673105,1.0,4.005042045003923,4.028260580211073,Feynman17,c,4.005710344608936
5.0,1.0,7.253442397977256,1.0,4.038564455674245,4.042841605239639,Feynman17,c,4.0385812634354945
5.0,1.0,12.368179979852755,1.0,4.013138751394429,4.0019930659642045,Feynman17,c,4.01264269905777
5.0,1.0,14.66816782496459,1.0,4.0093281469257205,4.013146657743779,Feynman17,c,4.009024596544082
5.0,1.0,5.387580742617789,1.0,4.0707367780968235,4.064696286270294,Feynman17,c,4.069647981692819
5.0,1.0,14.679689751572266,1.0,4.0093134583916,4.007029846969677,Feynman17,c,4.00901334351442
5.0,1.0,4.15080559279038,1.0,4.121392737058957,4.1350579092025,Feynman17,c,4.122839814361869
5.0,1.0,14.360027488042594,1.0,4.009734250785748,3.9978031350921914,Feynman17,c,4.009340722106187
5.0,1.0,3.1711627620873712,1.0,4.215060040071679,4.2100333416036815,Feynman17,c,4.206949639134905
5.0,1.0,7.4633077538979204,1.0,4.036396836645101,4.039845330884184,Feynman17,c,4.036668819169378
5.0,1.0,11.887547780814188,1.0,4.01422846014193,4.0181029139227835,Feynman17,c,4.013914616929052
5.0,1.0,6.534756558835446,1.0,4.047674029060379,4.054521768331739,Feynman17,c,4.046809447345501
5.0,1.0,11.087631462914583,1.0,4.016368613183267,3.997904768836087,Feynman17,c,4.016523941169523
5.0,1.0,10.904224063542976,1.0,4.01692740877463,4.035432727940244,Feynman17,c,4.017209056689763
5.0,1.0,8.88854405605641,1.0,4.025557335422339,4.022744969316033,Feynman17,c,4.02677719394561
5.0,1.0,12.636058348104442,1.0,4.012584981827008,4.019446472508997,Feynman17,c,4.0120262452588555
5.0,1.0,15.964895562598697,1.0,4.00787006074422,4.009581916868894,Feynman17,c,4.007896126110989
5.0,1.0,7.64711514779405,1.0,4.034645657679373,4.033027427170884,Feynman17,c,4.0351249186825635
5.0,1.0,15.321942092485042,1.0,4.008546583311034,4.028111924304506,Feynman17,c,4.008431376506056
5.0,1.0,14.574097349832726,1.0,4.00944938354142,4.028622327081294,Feynman17,c,4.009117893423891
5.0,1.0,17.23265367274021,1.0,4.006751872101506,4.001334541219329,Feynman17,c,4.006865054721204
5.0,1.0,14.49847123800055,1.0,4.009548573512686,3.9997266096515696,Feynman17,c,4.00919485239921
5.0,1.0,19.382977992812712,1.0,4.005334049243935,3.9948469437005723,Feynman17,c,4.005740019885994
5.0,1.0,11.394887141459316,1.0,4.015492710438012,4.019301129393676,Feynman17,c,4.01544836506344
5.0,1.0,13.397507717088818,1.0,4.011189257891934,4.027678900091557,Feynman17,c,4.01059997541269
5.0,1.0,4.865463063101678,1.0,4.087259907864371,4.086949690124713,Feynman17,c,4.0870703399454005
5.0,1.0,10.098671465091073,1.0,4.019756491465123,4.0163913284294415,Feynman17,c,4.020587292244212
5.0,1.0,19.174786203820176,1.0,4.005450745951491,4.00475381653187,Feynman17,c,4.005776063791859
5.0,1.0,17.986811583618906,1.0,4.00619626295865,4.029798027966712,Feynman17,c,4.006311574076603
5.0,1.0,6.540518763115124,1.0,4.0475885599602694,4.017286855607796,Feynman17,c,4.046730182665821
5.0,1.0,6.061251942541323,1.0,4.055575546763779,4.055881146154938,Feynman17,c,4.054327463974607
5.0,1.0,11.653493045230853,1.0,4.014808952857504,3.994059103884671,Feynman17,c,4.014613915011749
5.0,1.0,15.869657767654175,1.0,4.007965087777683,4.0270976313158435,Feynman17,c,4.00797431143051
5.0,1.0,14.369761545967844,1.0,4.009721019216906,4.028570332627496,Feynman17,c,4.009330241712482
5.0,1.0,10.829032953785166,1.0,4.017164815434744,4.004330779530705,Feynman17,c,4.017499123122931
5.0,1.0,8.870855559353139,1.0,4.02566034359216,4.024862740288781,Feynman17,c,4.026878688374438
5.0,1.0,8.35097784714252,1.0,4.028990579203235,4.044350366372895,Feynman17,c,4.030047129254953
5.0,1.0,19.062081463099123,1.0,4.00551552544283,4.022912005490725,Feynman17,c,4.005802820028947
5.0,1.0,10.314578680490513,1.0,4.0189322328365655,4.015045515396489,Feynman17,c,4.019624087848412
5.0,1.0,8.18752161390195,1.0,4.030172934294572,4.048279202230667,Feynman17,c,4.031130720121205
5.0,1.0,6.260847634825225,1.0,4.052020207384119,4.049054352069995,Feynman17,c,4.050898501850544
5.0,1.0,8.969098892020199,1.0,4.025096006927386,4.04654880899507,Feynman17,c,4.0263195928625155
5.0,1.0,9.743906946849815,1.0,4.021232986620314,4.014679640110816,Feynman17,c,4.022260066669435
5.0,1.0,17.34717090354461,1.0,4.006662799348778,4.011882352565637,Feynman17,c,4.006775323499016
5.0,1.0,9.594913565166483,1.0,4.021903002096265,4.009381693839376,Feynman17,c,4.0229962047343415
5.0,1.0,18.815610339237224,1.0,4.005661279708024,3.971770602418463,Feynman17,c,4.0058798210785564
5.0,1.0,13.09423110954519,1.0,4.011715876674534,3.989359963464265,Feynman17,c,4.011114090610013
5.0,1.0,6.5729557736040976,1.0,4.047111717262403,4.062978120325075,Feynman17,c,4.046288758876933
5.0,1.0,18.888957364965588,1.0,4.005617306371728,4.015090390945941,Feynman17,c,4.005854243570827
5.0,1.0,14.448190181888174,1.0,4.009615389265359,4.030765869416033,Feynman17,c,4.00924705551122
5.0,1.0,17.026123696761168,1.0,4.006917096163669,4.008322111219501,Feynman17,c,4.007029790603993
5.0,1.0,12.732320045250976,1.0,4.01239452361074,4.015886269808542,Feynman17,c,4.0118201387143
5.0,1.0,6.525815349863477,1.0,4.04780711068117,4.050155676487612,Feynman17,c,4.046932955695738
5.0,1.0,15.248738194755708,1.0,4.0086291049977785,4.013146916275384,Feynman17,c,4.008494271988808
5.0,1.0,7.65372850722901,1.0,4.034585032565261,4.06424643816227,Feynman17,c,4.0350713981734225
5.0,1.0,18.690702061039545,1.0,4.0057373636140445,4.022201877193559,Feynman17,c,4.005928507689812
5.0,1.0,3.388010454810983,1.0,4.1865163767251845,4.184900700740939,Feynman17,c,4.183782620958529
5.0,1.0,3.524171778958399,1.0,4.1714598108672725,4.136901412698884,Feynman17,c,4.170707022962917
5.0,1.0,8.997825106049437,1.0,4.024934521990033,4.023514781351892,Feynman17,c,4.026158199211262
5.0,1.0,19.522042851760148,1.0,4.005258176562611,3.9921450908061376,Feynman17,c,4.005724839146172
5.0,1.0,3.8662090519096983,1.0,4.140912101409066,4.14291954060798,Feynman17,c,4.142287122644529
5.0,1.0,6.818568180573045,1.0,4.043723958064243,4.036713510280843,Feynman17,c,4.043190681456876
5.0,1.0,13.825608371066993,1.0,4.010504360625369,3.993116725666862,Feynman17,c,4.009978674299785
5.0,1.0,11.536536482250657,1.0,4.015112451452868,3.9931057103333742,Feynman17,c,4.014983256864485
5.0,1.0,7.665897478787511,1.0,4.034473895579169,4.029772694697525,Feynman17,c,4.0349732642800555
5.0,1.0,14.912333367452955,1.0,4.0090241547611445,4.006655894113559,Feynman17,c,4.008793316813058
5.0,1.0,8.40805254707803,1.0,4.028594117083939,4.036674334826006,Feynman17,c,4.029679754947178
5.0,1.0,5.960681421998833,1.0,4.057507721082566,4.050866767090631,Feynman17,c,4.056220991899998
5.0,1.0,13.672527882988202,1.0,4.010741849098905,3.9985031462663985,Feynman17,c,4.010188027793756
5.0,1.0,5.55769458992716,1.0,4.06636600151251,4.05874811745644,Feynman17,c,4.065135673408255
5.0,1.0,18.26863340120864,1.0,4.006006136250842,4.015500074035382,Feynman17,c,4.006137995812086
5.0,1.0,15.076542576956864,1.0,4.008828000774534,3.9940614643050365,Feynman17,c,4.008645012146258
5.0,1.0,13.324004332588174,1.0,4.011313577741573,4.016733426843358,Feynman17,c,4.010718529266609
5.0,1.0,10.946317795954705,1.0,4.016796651826758,3.9961715128721758,Feynman17,c,4.017048995923631
5.0,1.0,18.216442757634915,1.0,4.006040679175896,4.0205002220958,Feynman17,c,4.00616830518391
5.0,1.0,4.19941580609825,1.0,4.118473271554419,4.12432450521514,Feynman17,c,4.1198535337883415
5.0,1.0,12.277014650866974,1.0,4.013335585029609,3.995470447279405,Feynman17,c,4.012867306679355
5.0,1.0,19.981925212570435,1.0,4.0050184783072265,3.9928569928769084,Feynman17,c,4.005710307346064
5.0,1.0,7.281307730962638,1.0,4.038265609588352,4.05379097244172,Feynman17,c,4.038317142505424
5.0,1.0,6.329911727089953,1.0,4.050869612410165,4.0376988667228195,Feynman17,c,4.049804824037075
5.0,1.0,15.577970842096988,1.0,4.008267096068684,4.038418217034457,Feynman17,c,4.008215474214544
5.0,1.0,14.633177147692278,1.0,4.009372968077896,4.009054411748238,Feynman17,c,4.009058998745834
5.0,1.0,14.329415843622682,1.0,4.009776038137429,4.008646735934468,Feynman17,c,4.009373912924413
5.0,1.0,12.985747751599533,1.0,4.0119133229795985,4.04792184605898,Feynman17,c,4.011314680802163
5.0,1.0,9.266566182517714,1.0,4.0234966500552085,4.040371874781377,Feynman17,c,4.0246912298601805
5.0,1.0,18.48510025326256,1.0,4.005865984288211,4.000973386830573,Feynman17,c,4.006022256612795
5.0,1.0,6.477441717952409,1.0,4.04853692292273,4.036287141067473,Feynman17,c,4.047612169296665
5.0,1.0,17.165781044408952,1.0,4.006804715601545,4.016272021126574,Feynman17,c,4.00691803724748
5.0,1.0,6.729415583244215,1.0,4.0449098719008285,4.035485860460726,Feynman17,c,4.044267808754242
5.0,1.0,7.934082039104451,1.0,4.032155035125734,4.024708916442825,Feynman17,c,4.032915791779826
5.0,1.0,15.222187027499375,1.0,4.008659331639369,4.036868452058059,Feynman17,c,4.0085172446748025
5.0,1.0,7.625120779840351,1.0,4.034848437323019,4.02625254502585,Feynman17,c,4.035303881019361
5.0,1.0,9.267876153058534,1.0,4.023489949623046,4.002022545571807,Feynman17,c,4.0246842611776374
5.0,1.0,15.120949301979769,1.0,4.008776054807357,4.00511635616678,Feynman17,c,4.0086057193362485
5.0,1.0,18.100152197740517,1.0,4.006118728071465,4.029109138802481,Feynman17,c,4.006238927147898
5.0,1.0,10.103924431655456,1.0,4.019735802010085,4.017600500197725,Feynman17,c,4.0205633644525935
5.0,1.0,6.34976316036906,1.0,4.050545994614224,4.055499226054631,Feynman17,c,4.049498657076373
5.0,1.0,19.72539087269351,1.0,4.005150114451376,3.9935994475651038,Feynman17,c,4.00571326407096
5.0,1.0,10.022052541347703,1.0,4.020062009309072,4.029071191044301,Feynman17,c,4.020939086733694
5.0,1.0,19.014723826350284,1.0,4.005543090544693,3.982341688989046,Feynman17,c,4.005815637109414
5.0,1.0,15.792288312724944,1.0,4.008043560091322,3.990358683991387,Feynman17,c,4.008037974170918
5.0,1.0,14.377741526348888,1.0,4.009710192115107,4.00458865006161,Feynman17,c,4.009321676086884
5.0,1.0,14.597710266093719,1.0,4.009418730088433,3.990116130610629,Feynman17,c,4.009094229686911
5.0,1.0,18.405205640708314,1.0,4.005917135081106,4.009241517069843,Feynman17,c,4.0060630327918165
5.0,1.0,9.431213485583438,1.0,4.022676487400613,4.017150081067281,Feynman17,c,4.023828489363706
5.0,1.0,12.942245242066187,1.0,4.011993906784187,4.011229713174738,Feynman17,c,4.011397720457143
5.0,1.0,10.626702065951086,1.0,4.017829087374813,4.017840750586759,Feynman17,c,4.018305870399567
5.0,1.0,5.790996613134059,1.0,4.061005834112839,4.082880388716635,Feynman17,c,4.059698636976751
5.0,1.0,16.297959425137876,1.0,4.00755078148733,4.015295820175385,Feynman17,c,4.007623352366697
5.0,1.0,17.906706446932,1.0,4.006251954897293,3.985451629354353,Feynman17,c,4.006364998955138
5.0,1.0,10.885795707747484,1.0,4.016985135331359,4.020717900064812,Feynman17,c,4.017279656316531
5.0,1.0,6.555612730577803,1.0,4.0473657684141875,4.049136165160368,Feynman17,c,4.046523770239099
5.0,1.0,15.748001692016425,1.0,4.00808900151163,4.0026360326443955,Feynman17,c,4.008074494781034
5.0,1.0,4.728980594427627,1.0,4.092548039232995,4.115288777936158,Feynman17,c,4.0926896439727525
5.0,1.0,18.06797171818331,1.0,4.006140593614215,4.0009418556137915,Feynman17,c,4.0062591859251935
5.0,1.0,12.807975229837984,1.0,4.012247858891996,4.0361193531328965,Feynman17,c,4.011663689993403
5.0,1.0,3.740836639946523,1.0,4.151066239424955,4.137275511657963,Feynman17,c,4.15201532424622
5.0,1.0,3.065742012444077,1.0,4.231434736608311,4.2224933755619976,Feynman17,c,4.21933858659484
5.0,1.0,16.51092547268541,1.0,4.007356716083882,4.019175148507398,Feynman17,c,4.0074490400752145
5.0,1.0,10.582793117521623,1.0,4.017978344249387,4.029135303152104,Feynman17,c,4.018485947470065
5.0,1.0,12.68995006590177,1.0,4.012477817299001,3.976957017514201,Feynman17,c,4.011909876047616
5.0,1.0,12.896139693675321,1.0,4.012080209542698,3.988927752143657,Feynman17,c,4.011487388113709
5.0,1.0,5.736552471110349,1.0,4.0621965863831235,4.063402882090798,Feynman17,c,4.060895884743257
5.0,1.0,3.251302427167789,1.0,4.203774771010666,4.177294555432236,Feynman17,c,4.198036276228583
5.0,1.0,18.112030259154245,1.0,4.006110686855886,4.000230036564618,Feynman17,c,4.006231525758819
5.0,1.0,18.193391895060884,1.0,4.006056030646146,4.010048225167656,Feynman17,c,4.006181971211975
5.0,1.0,4.563014652916642,1.0,4.0996610198011485,4.098302151686229,Feynman17,c,4.100228931202692
5.0,1.0,5.202381944210806,1.0,4.0760097179995,4.102939990374423,Feynman17,c,4.0751616697970245
5.0,1.0,16.415333042158714,1.0,4.007442887195523,4.0048129353467745,Feynman17,c,4.007527274958755
5.0,1.0,14.662628396774853,1.0,4.009335221158926,4.006282912200806,Feynman17,c,4.009030019802838
5.0,1.0,10.712328802268928,1.0,4.017543330065472,4.019912900064688,Feynman17,c,4.0179598147355895
5.0,1.0,10.714442733420356,1.0,4.017536362657949,4.0188978091547565,Feynman17,c,4.0179513572176955
5.0,1.0,18.835877249090593,1.0,4.0056490776789415,4.009966226868573,Feynman17,c,4.005872529061806
5.0,1.0,12.182044370418758,1.0,4.01354538337844,4.018652029834894,Feynman17,c,4.013109481744914
5.0,1.0,12.356254992049278,1.0,4.013164249369304,4.0051007581516895,Feynman17,c,4.012671644766664
5.0,1.0,12.449502387062884,1.0,4.012966829768917,4.0093510345222265,Feynman17,c,4.012448758285414
5.0,1.0,15.291990851251272,1.0,4.008580203066427,3.9960996731877803,Feynman17,c,4.008457034926356
5.0,1.0,9.26978896225464,1.0,4.023480170863958,4.030266033250446,Feynman17,c,4.024674088622723
5.0,1.0,16.919145349560132,1.0,4.007005075792117,3.9875286643155263,Feynman17,c,4.007116176022416
5.0,1.0,7.4965628166422755,1.0,4.0360702657905,3.9933954273138808,Feynman17,c,4.036381051739299
5.0,1.0,16.186858443822985,1.0,4.007655087851755,4.016921933335446,Feynman17,c,4.007714298520637
5.0,1.0,6.088204031566567,1.0,4.0550743904594135,4.062251680310872,Feynman17,c,4.053839703622345
5.0,1.0,14.21171145664774,1.0,4.009939249700103,4.041886460697371,Feynman17,c,4.00950496300886
5.0,1.0,13.504470888395739,1.0,4.011011979417233,4.023075699006275,Feynman17,c,4.010433987812379
5.0,1.0,17.736089791369565,1.0,4.006373106874016,3.9971640563389075,Feynman17,c,4.006483898370155
5.0,1.0,4.705220696650306,1.0,4.093518192677252,4.082812919085714,Feynman17,c,4.093719867815658
5.0,1.0,18.392420988562264,1.0,4.005925382286772,4.016321840667567,Feynman17,c,4.006069773377269
5.0,1.0,12.38129847625091,1.0,4.013110787082291,4.017478714880092,Feynman17,c,4.012611006539292
5.0,1.0,14.36937942564556,1.0,4.009721538126079,4.007599825413059,Feynman17,c,4.0093306524670105
5.0,1.0,15.132150842106693,1.0,4.008763023995429,4.031948264072724,Feynman17,c,4.008595856680844
5.0,1.0,13.700839523157434,1.0,4.01069732263772,4.0295489936694215,Feynman17,c,4.010148289790181
5.0,1.0,13.074280756605887,1.0,4.0117518168631205,4.020616647128391,Feynman17,c,4.011150294392088
5.0,1.0,19.025467692835154,1.0,4.005536818837182,4.010816514853703,Feynman17,c,4.005812647015724
5.0,1.0,5.18710577678105,1.0,4.076471017775151,4.064658325716687,Feynman17,c,4.075646864331199
5.0,1.0,5.449698101163023,1.0,4.069091624303344,4.0507670048344115,Feynman17,c,4.067942415424679
5.0,1.0,7.652713129256781,1.0,4.034594330214251,4.0298846862328155,Feynman17,c,4.035079606748607
5.0,1.0,15.236623387244986,1.0,4.008642877170872,4.021543816464679,Feynman17,c,4.00850474285961
5.0,1.0,15.913393639626317,1.0,4.007921235987283,4.012558117923766,Feynman17,c,4.0079383862615225
5.0,1.0,14.804913983150877,1.0,4.009156033784681,4.023387404497167,Feynman17,c,4.008893297026478
5.0,1.0,6.339610431856446,1.0,4.050711114751714,4.059386997895113,Feynman17,c,4.0496547938608725
5.0,1.0,5.839053786601147,1.0,4.0599831652467495,4.06757841755878,Feynman17,c,4.058675676025971
5.0,1.0,14.558993199087638,1.0,4.009469069849499,4.017330111994346,Feynman17,c,4.009133119439968
5.0,1.0,19.437799958658715,1.0,4.005303943804566,4.013140024024185,Feynman17,c,4.005733241732983
5.0,1.0,7.659952538638291,1.0,4.034528122306336,4.034305350877757,Feynman17,c,4.035021149925688
5.0,1.0,10.33358373365062,1.0,4.018862165388862,4.018664047570801,Feynman17,c,4.019541300087231
5.0,1.0,17.730459400529533,1.0,4.006377164823167,3.9975688168289576,Feynman17,c,4.006487930217055
5.0,1.0,13.947972957230276,1.0,4.010320150281653,3.998282549501705,Feynman17,c,4.0098206041155775
5.0,1.0,14.07950549698803,1.0,4.01012749713988,4.013607443830202,Feynman17,c,4.0096591479075006
5.0,1.0,12.099171171428484,1.0,4.01373253683997,4.0149197114131505,Feynman17,c,4.0133277189921435
5.0,1.0,7.712754574834725,1.0,4.034050943605031,4.045190546982948,Feynman17,c,4.034599516235267
5.0,1.0,6.675884637177376,1.0,4.0456454082409605,4.049013641229887,Feynman17,c,4.044939796320324
5.0,1.0,11.172427106313053,1.0,4.016119591283633,4.002116116222803,Feynman17,c,4.016218028364696
5.0,1.0,5.628485630277272,1.0,4.064666644063874,4.049179255675048,Feynman17,c,4.063399185593474
5.0,1.0,11.339209078750507,1.0,4.015646125380815,4.01005476255337,Feynman17,c,4.015636512839002
5.0,1.0,17.613325475991694,1.0,4.006462473349566,4.007701709001016,Feynman17,c,4.006573204570242
5.0,1.0,12.530174086625165,1.0,4.012799601611476,4.011916250334825,Feynman17,c,4.012262263707124
5.0,1.0,14.94678675877981,1.0,4.008982460012185,3.9982614306353366,Feynman17,c,4.0087617745855875
5.0,1.0,13.066074533698117,1.0,4.011766648310105,4.032684196452832,Feynman17,c,4.011165275024344
5.0,1.0,10.032964085914474,1.0,4.020018067437672,4.001090802527748,Feynman17,c,4.020888668071955
5.0,1.0,13.500222949092326,1.0,4.011018939165996,4.02201301984183,Feynman17,c,4.010440435983755
5.0,1.0,17.829625967123405,1.0,4.006306256434369,4.00732302696252,Feynman17,c,4.006417900025536
5.0,1.0,4.242789102579891,1.0,4.11595757423511,4.127062379260152,Feynman17,c,4.117265755027481
5.0,1.0,9.926536519231313,1.0,4.0204529322831855,4.033442199074171,Feynman17,c,4.021384949681838
5.0,1.0,11.757771506629227,1.0,4.014546011307075,4.00981730921698,Feynman17,c,4.014295807350609
5.0,1.0,5.777920477522764,1.0,4.061288659643985,4.062460427545362,Feynman17,c,4.059982416128147
5.0,1.0,8.074449648968379,1.0,4.031033843907518,4.0429437577463085,Feynman17,c,4.031910145355192
5.0,1.0,17.627350594536587,1.0,4.006452168882145,3.982630747617847,Feynman17,c,4.006562860038244
5.0,1.0,11.304702493028394,1.0,4.015742353406013,4.000998013424472,Feynman17,c,4.0157546237981405
5.0,1.0,7.463181410928179,1.0,4.036398085838982,4.0177688292007465,Feynman17,c,4.036669919951728
5.0,1.0,14.417380951506495,1.0,4.0096566774925275,4.0227565970063015,Feynman17,c,4.009279471671263
5.0,1.0,13.954749864594193,1.0,4.0103100902962865,4.027964931142199,Feynman17,c,4.009812077285063
5.0,1.0,5.6688279142495075,1.0,4.063727482571683,4.065589784696754,Feynman17,c,4.062444367349544
5.0,1.0,15.01941794977674,1.0,4.0088955056477085,3.9958142813901047,Feynman17,c,4.008696040676157
5.0,1.0,4.9042698380423495,1.0,4.0858398253773185,4.085204019337832,Feynman17,c,4.085561637574048
5.0,1.0,4.6518507869564125,1.0,4.095754445109439,4.081749150675395,Feynman17,c,4.0960927092738935
5.0,1.0,10.178313885382401,1.0,4.019446273709812,4.013768499280471,Feynman17,c,4.020227149148024
5.0,1.0,4.04317511904546,1.0,4.128260048474908,4.127438542447129,Feynman17,c,4.129788298115587
5.0,1.0,10.973720547977717,1.0,4.016712344080485,4.0177170816397725,Feynman17,c,4.016945697739583
5.0,1.0,18.49687213542838,1.0,4.00585850373322,4.001059440687025,Feynman17,c,4.006016448384216
5.0,1.0,17.79504744152192,1.0,4.006330846577319,3.9995869243731486,Feynman17,c,4.00644207723823
5.0,1.0,8.036660253008908,1.0,4.031329826054646,4.018500092318549,Feynman17,c,4.032176559242806
5.0,1.0,8.826223501131087,1.0,4.025923050546349,4.043829922780811,Feynman17,c,4.027136446275269
5.0,1.0,3.211925349236865,1.0,4.209202975724689,4.1824869696788305,Feynman17,c,4.20236280666202
5.0,1.0,4.451194967977138,1.0,4.104932345084054,4.091002323629919,Feynman17,c,4.105784271009104
5.0,1.0,19.069559819438606,1.0,4.005511191389511,4.009443672177123,Feynman17,c,4.005800881730402
5.0,1.0,12.581792162440927,1.0,4.012694294270336,4.01789743964896,Feynman17,c,4.012145974291877
5.0,1.0,4.81997468259673,1.0,4.088970321648844,4.081195245499816,Feynman17,c,4.088888045643511
5.0,1.0,11.068609384597535,1.0,4.016425269750905,3.9997519357071853,Feynman17,c,4.0165935108962
5.0,1.0,4.979778730464197,1.0,4.083175218197852,4.079058181913896,Feynman17,c,4.08273321112861
5.0,1.0,7.860042385727092,1.0,4.032771173142253,4.039206469858374,Feynman17,c,4.033464859148006
5.0,1.0,5.005039281180258,1.0,4.08231173440941,4.0886311266414905,Feynman17,c,4.081817667129959
5.0,1.0,7.847946503200309,1.0,4.03287351978383,4.021344549328998,Feynman17,c,4.03355586298968
5.0,1.0,9.786065119032287,1.0,4.0210489946541035,4.023022881120334,Feynman17,c,4.022055409123044
5.0,1.0,16.550502770711518,1.0,4.0073214773060375,4.000606291390277,Feynman17,c,4.007416659576418
5.0,1.0,19.905726000348082,1.0,4.005057046395337,4.022816776583663,Feynman17,c,4.005710428714725
5.0,1.0,9.083485134894804,1.0,4.02446215665161,4.01433466282943,Feynman17,c,4.025682335921255
5.0,1.0,14.007739327568732,1.0,4.010231935376237,4.00357863334856,Feynman17,c,4.009746197125907
5.0,1.0,10.538482299921867,1.0,4.018130879660516,4.032988585057469,Feynman17,c,4.018669465298357
5.0,1.0,17.532490833896222,1.0,4.0065223481649745,4.0084198173899495,Feynman17,c,4.006633477444181
5.0,1.0,3.6594964506060146,1.0,4.158264603959113,4.159400223662542,Feynman17,c,4.158742735098799
5.0,1.0,19.605747411554837,1.0,4.005213286379563,4.027291911495159,Feynman17,c,4.005718710828372
5.0,1.0,10.1025110119034,1.0,4.019741365732743,4.020135845652628,Feynman17,c,4.020569800308975
5.0,1.0,9.86344715000288,1.0,4.02071745715708,4.028505986264619,Feynman17,c,4.021683894625612
5.0,1.0,17.808667271650357,1.0,4.006321143829587,4.02107515281837,Feynman17,c,4.006432522486006
5.0,1.0,3.6318816021845897,1.0,4.160828108556067,4.168189043830197,Feynman17,c,4.1611043473900144
5.0,1.0,10.542570684049196,1.0,4.018116724500864,4.015048119874808,Feynman17,c,4.018652457604028
5.0,1.0,15.86921425541191,1.0,4.007965534330686,4.000794734882124,Feynman17,c,4.007974675942187
5.0,1.0,14.041798393019572,1.0,4.010182170001687,3.965305554496238,Feynman17,c,4.009704579007076
5.0,1.0,17.938156591513938,1.0,4.006230000387232,4.021490007179909,Feynman17,c,4.006343828366878
5.0,1.0,11.691064269987223,1.0,4.014713398647705,4.01749089605589,Feynman17,c,4.014498086306323
5.0,1.0,8.176170465191575,1.0,4.030257725555078,4.003483934604928,Feynman17,c,4.031207811076984
5.0,1.0,8.848969909103673,1.0,4.025788660715963,4.047436098507152,Feynman17,c,4.027004781637185
5.0,1.0,3.751783259960222,1.0,4.150135809322646,4.152004478430723,Feynman17,c,4.151135473518493
5.0,1.0,15.40363683127147,1.0,4.008455881475899,4.017929383298993,Feynman17,c,4.008361870217915
5.0,1.0,17.562378360758256,1.0,4.006500113590466,3.9981557723198002,Feynman17,c,4.006611066821725
5.0,1.0,15.798014710620702,1.0,4.008037712371895,3.9960948704765897,Feynman17,c,4.008033256577621
5.0,1.0,5.134266845344427,1.0,4.078099742609335,4.053935475957434,Feynman17,c,4.077362885011459
5.0,1.0,3.0911046905436708,1.0,4.227323859131423,4.233049707239003,Feynman17,c,4.216287181650354
5.0,1.0,7.566795400979519,1.0,4.035394915231661,4.058009871564643,Feynman17,c,4.035785839819885
5.0,1.0,17.652660634786855,1.0,4.006433635528346,3.990873100831847,Feynman17,c,4.006544281340066
5.0,1.0,5.247671066924614,1.0,4.074666595343848,4.055977390533611,Feynman17,c,4.073751293574955
5.0,1.0,19.286828782088143,1.0,4.005387472457466,4.017957661029455,Feynman17,c,4.0057545753645245
5.0,1.0,18.296610732278097,1.0,4.005987741106416,3.995909444469326,Feynman17,c,4.006122118001972
5.0,1.0,17.265367952822352,1.0,4.006726245042926,4.0124516080562245,Feynman17,c,4.006839283709553
5.0,1.0,8.610479243127,1.0,4.0272518533191315,4.033945526984918,Feynman17,c,4.028417972120188
5.0,1.0,14.983199850620712,1.0,4.008938707334458,4.008626279901476,Feynman17,c,4.008728694612775
5.0,1.0,3.5139736034923237,1.0,4.172521872285698,4.155746490317661,Feynman17,c,4.171649367028803
5.0,1.0,13.801780343971723,1.0,4.0105408059748955,4.028379129002682,Feynman17,c,4.010010389817291
5.0,1.0,7.586589055982376,1.0,4.035208020735169,4.046022339231776,Feynman17,c,4.035621056590062
5.0,1.0,8.854780933979725,1.0,4.025754496272195,4.023254680530573,Feynman17,c,4.026971245643377
5.0,1.0,18.29300941004327,1.0,4.0059901042359325,3.9774060615013878,Feynman17,c,4.006124147119949
5.0,1.0,19.580567527620875,1.0,4.005226729495502,4.002781062206196,Feynman17,c,4.005720336268185
5.0,1.0,17.060220752592382,1.0,4.006889402970339,4.000939835322809,Feynman17,c,4.007002386248716
5.0,1.0,6.425487659184995,1.0,4.049339639199379,4.058749848974156,Feynman17,c,4.048362962294794
5.0,1.0,5.813624989051317,1.0,4.060521040591066,4.057055726119624,Feynman17,c,4.059213082338169
5.0,1.0,10.85676445642881,1.0,4.017076677413456,4.022153338276531,Feynman17,c,4.017391524324403
5.0,1.0,6.249123953417318,1.0,4.052219418073645,4.048989738459128,Feynman17,c,4.05108866670667
5.0,1.0,14.771828810494437,1.0,4.00919723585459,4.0164166873720335,Feynman17,c,4.008924628116802
5.0,1.0,14.969492186111436,1.0,4.008955140339503,4.017314525316234,Feynman17,c,4.008741117398573
5.0,1.0,5.512440493819626,1.0,4.0674879754382625,4.072303815495462,Feynman17,c,4.066287986778427
5.0,1.0,6.42893226492517,1.0,4.049285800310159,4.062364038761403,Feynman17,c,4.0483124833705375
5.0,1.0,7.486944355835838,1.0,4.03616426556871,4.040431169048194,Feynman17,c,4.0364638823964025
5.0,1.0,11.401408329020997,1.0,4.015474890033038,4.036113291232489,Feynman17,c,4.015426525103905
5.0,1.0,11.637507936887582,1.0,4.014849890500171,3.9957195548368625,Feynman17,c,4.014663611184547
5.0,1.0,12.243381151396738,1.0,4.013409322742541,4.010793737498609,Feynman17,c,4.012952110854589
5.0,1.0,13.36488608381706,1.0,4.011244177888978,4.008185405662919,Feynman17,c,4.010652130403199
5.0,1.0,7.213717551477833,1.0,4.038996610823686,4.052692331325792,Feynman17,c,4.0389635864610645
5.0,1.0,3.258547399608233,1.0,4.2027996419627724,4.168508262511968,Feynman17,c,4.197251246105519
5.0,1.0,3.9106147095901225,1.0,4.1375640590948715,4.118761634500666,Feynman17,c,4.139019484724925
5.0,1.0,15.418256283274232,1.0,4.0084398027336166,4.016577919460866,Feynman17,c,4.00834949988756
5.0,1.0,19.127506847596408,1.0,4.005477780999302,4.02429537437893,Feynman17,c,4.005786650133508
5.0,1.0,19.807179277857966,1.0,4.005107588916091,4.008262690485968,Feynman17,c,4.005711354420147
5.0,1.0,15.577854393191851,1.0,4.008267220050392,4.017585285573286,Feynman17,c,4.008215571283809
5.0,1.0,5.497011279603827,1.0,4.067877073964541,4.082497002522024,Feynman17,c,4.066688627489702
5.0,1.0,9.083734675616494,1.0,4.024460800309194,4.03619591292289,Feynman17,c,4.025680961268703
5.0,1.0,15.243309533043352,1.0,4.008635272249388,3.9931172017123915,Feynman17,c,4.0084989617166285
5.0,1.0,10.538778048745279,1.0,4.018129855135377,4.00407157892753,Feynman17,c,4.018668234469573
5.0,1.0,12.04800904740065,1.0,4.013850023228682,4.014869993816793,Feynman17,c,4.013465691084534
5.0,1.0,14.677554514688854,1.0,4.0093161778391675,4.011331840166471,Feynman17,c,4.009015426154339
5.0,1.0,11.604680548378775,1.0,4.014934496016492,4.01336343529031,Feynman17,c,4.014766446450817
5.0,1.0,9.971318117924323,1.0,4.0202682393597495,4.011674319209952,Feynman17,c,4.021174902756628
5.0,1.0,14.812589487217533,1.0,4.009146514836663,4.028637876992817,Feynman17,c,4.008886066078082
5.0,1.0,3.2520652835302077,1.0,4.203671756071102,4.178454382997277,Feynman17,c,4.197953456797539
5.0,1.0,15.352409223584715,1.0,4.008512587019839,3.9978848035939856,Feynman17,c,4.008405376134623
5.0,1.0,4.872373237710708,1.0,4.087004444808829,4.091958717673694,Feynman17,c,4.086798891954538
5.0,1.0,13.613543675045316,1.0,4.010835513835445,3.999520826836332,Feynman17,c,4.010272360524022
5.0,1.0,6.450008259622438,1.0,4.048958306873379,4.048044271373684,Feynman17,c,4.048005807925179
5.0,1.0,5.877831462413752,1.0,4.059176732691592,4.051816894954037,Feynman17,c,4.057872596197129
5.0,1.0,9.795706123550216,1.0,4.02100725508943,4.035903766701389,Feynman17,c,4.022008830463895
5.0,1.0,12.958065609330381,1.0,4.011964506740157,3.992040473644926,Feynman17,c,4.0113673469979645
5.0,1.0,7.441960425882995,1.0,4.0366088248560645,4.045353310817695,Feynman17,c,4.036855628681555
5.0,1.0,19.240616931607754,1.0,4.005413435273138,4.014668116287642,Feynman17,c,4.005762833602185
5.0,1.0,5.230750542620834,1.0,4.075164165426581,4.099179320739644,Feynman17,c,4.074273360141456
5.0,1.0,10.703933870596977,1.0,4.017571040443485,4.016314259798973,Feynman17,c,4.0179934424941
5.0,1.0,11.385937306657224,1.0,4.015517217844088,4.02462805753743,Feynman17,c,4.015478405855378
5.0,1.0,3.709721876610092,1.0,4.153759551429879,4.135740333794816,Feynman17,c,4.154548965714163
5.0,1.0,12.325927197682919,1.0,4.013229432147427,4.029276248489458,Feynman17,c,4.01274584748238
5.0,1.0,17.69290878477016,1.0,4.006404327864609,3.9887560145235685,Feynman17,c,4.006514982329273
5.0,1.0,10.807963159026688,1.0,4.017232238752014,3.9992081627446496,Feynman17,c,4.0175813561682645
5.0,1.0,11.416387470395287,1.0,4.0154340731015745,3.996190209334384,Feynman17,c,4.015376514929587
5.0,1.0,4.6866862856086975,1.0,4.09428573642305,4.090439820786133,Feynman17,c,4.094534619944588
5.0,1.0,19.451106198377595,1.0,4.00529667515856,3.9941497525269964,Feynman17,c,4.005731755972014
5.0,1.0,7.316731092710143,1.0,4.037890718159004,4.043648353246101,Feynman17,c,4.037986078601503
5.0,1.0,15.022560377694155,1.0,4.0088917720858195,4.010384914633515,Feynman17,c,4.008693218783512
5.0,1.0,16.78698521142723,1.0,4.007116104394703,4.01472892115971,Feynman17,c,4.007223543021453
5.0,1.0,9.307760681924982,1.0,4.023287310502426,4.0096118216974475,Feynman17,c,4.024472899453224
5.0,1.0,4.122506707588901,1.0,4.123143066662105,4.122004967441425,Feynman17,c,4.124621178014384
5.0,1.0,8.541156464646296,1.0,4.02770064260857,4.0121966894222245,Feynman17,c,4.028843179003401
5.0,1.0,4.347415751517763,1.0,4.11021332345355,4.099813369225221,Feynman17,c,4.111310244951716
5.0,1.0,12.388430418187557,1.0,4.01309562163929,4.016025309912569,Feynman17,c,4.012593842650745
5.0,1.0,17.48578892669547,1.0,4.0065573209434415,3.99817092491478,Feynman17,c,4.0066687734261315
5.0,1.0,3.4759483215130604,1.0,4.176572096203379,4.1946262232439055,Feynman17,c,4.175214997981233
5.0,1.0,16.273049943071218,1.0,4.007573981190658,3.998093101554412,Feynman17,c,4.007643742536219
5.0,1.0,7.723384349230257,1.0,4.033956082704312,4.016095851121577,Feynman17,c,4.034515621758392
5.0,1.0,6.55001220818256,1.0,4.047448249835179,4.055940141565188,Feynman17,c,4.046600153122343
5.0,1.0,10.709160121067953,1.0,4.017553781671066,3.99925486602568,Feynman17,c,4.017972499911858
5.0,1.0,5.08848871103521,1.0,4.079553685406356,4.0801273052840195,Feynman17,c,4.078898182248334
5.0,1.0,16.937461482516476,1.0,4.006989893722981,3.9896730189795298,Feynman17,c,4.007101346969222
5.0,1.0,4.806091511447232,1.0,4.0895024796640485,4.0621415442358755,Feynman17,c,4.089453620399192
5.0,1.0,11.694712751686847,1.0,4.0147041689191445,4.016011199456574,Feynman17,c,4.014486911334147
5.0,1.0,19.455778585910323,1.0,4.005294126373855,3.9878277721548874,Feynman17,c,4.005731248699074
5.0,1.0,13.199928201544562,1.0,4.011528191818045,3.9927280015467757,Feynman17,c,4.010927311711185
5.0,1.0,10.73073042774844,1.0,4.017482818485568,4.005749587155818,Feynman17,c,4.017886331719066
5.0,1.0,7.102696674500504,1.0,4.040243838443528,4.040508212812701,Feynman17,c,4.040070081093676
5.0,1.0,9.182035583429247,1.0,4.023935174439132,4.039390179950128,Feynman17,c,4.025144552659302
5.0,1.0,10.298958376769022,1.0,4.018990114879875,3.9975606122550125,Feynman17,c,4.019692374234102
5.0,1.0,6.439714035810708,1.0,4.049117854028891,4.033017690983455,Feynman17,c,4.048155131554437
5.0,1.0,4.579059453361438,1.0,4.098937747734493,4.109173416996898,Feynman17,c,4.099464187244247
5.0,1.0,18.71060198453516,1.0,4.0057251397967795,4.017896069265712,Feynman17,c,4.005920323339853
5.0,1.0,3.430817693098962,1.0,4.181571214157791,4.165811746187733,Feynman17,c,4.1795550540348225
5.0,1.0,10.627957742431711,1.0,4.017824846465551,4.001903803978769,Feynman17,c,4.018300746759685
5.0,1.0,13.974633950434,1.0,4.01028065820682,4.003314578864288,Feynman17,c,4.009787192315842
5.0,1.0,9.198178592715962,1.0,4.023850482381656,4.033395272667002,Feynman17,c,4.025057421515239
5.0,1.0,4.172996276567419,1.0,4.120046564161658,4.120033297224964,Feynman17,c,4.121465133644144
5.0,1.0,14.046223508904564,1.0,4.010175730941743,3.994585691160173,Feynman17,c,4.009699212663222
5.0,1.0,5.740726542044234,1.0,4.062104056695151,4.053772157092355,Feynman17,c,4.060802619782714
5.0,1.0,16.53152877881515,1.0,4.007338339643621,4.000900955933674,Feynman17,c,4.0074321822131465
5.0,1.0,9.052502321955991,1.0,4.024631442521492,4.015523912307285,Feynman17,c,4.0258535314854385
5.0,1.0,17.062724566274554,1.0,4.006887375968125,4.012618663547971,Feynman17,c,4.007000376689522
5.0,1.0,8.380983316575914,1.0,4.028781125729156,4.024432508168426,Feynman17,c,4.029853318421024
5.0,1.0,11.018763970437007,1.0,4.016575138402385,4.0302498277215,Feynman17,c,4.01677744805561
5.0,1.0,12.275357242900139,1.0,4.013339204425462,4.0004600453193975,Feynman17,c,4.012871461099148
5.0,1.0,10.768414451026084,1.0,4.017359874149605,4.009943547816925,Feynman17,c,4.01773683090862
5.0,1.0,4.867941813080528,1.0,4.087168140014389,4.081809082576304,Feynman17,c,4.086972828215591
5.0,1.0,17.548113364635462,1.0,4.006510711696774,3.9686292403293306,Feynman17,c,4.006621745359275
5.0,1.0,17.901916130724814,1.0,4.006255309079699,4.039321944990995,Feynman17,c,4.006368245111792
5.0,1.0,18.281366069775885,1.0,4.005997753995492,4.005647894537652,Feynman17,c,4.006130737250632
5.0,1.0,10.140058052101995,1.0,4.019594364045093,4.019685098336187,Feynman17,c,4.020399437307993
5.0,1.0,10.257134464411948,1.0,4.019146412617674,3.9966232276129343,Feynman17,c,4.019876290705946
5.0,1.0,16.524086400140305,1.0,4.0073449696690195,4.0245460073312485,Feynman17,c,4.007438271400536
5.0,1.0,8.655600431062958,1.0,4.026965596854544,4.0177218649661075,Feynman17,c,4.028144852996636
5.0,1.0,10.63096667575022,1.0,4.017814690292899,4.018639141512936,Feynman17,c,4.018288475069901
5.0,1.0,7.624637807146376,1.0,4.034852910190964,4.040669730424092,Feynman17,c,4.035307827657996
5.0,1.0,11.57257353767789,1.0,4.015017947590222,4.022258014755478,Feynman17,c,4.014868037622513
5.0,1.0,7.392074585521673,1.0,4.0371115265386335,4.054077350499871,Feynman17,c,4.037298724866372
5.0,1.0,15.133207567058005,1.0,4.008761796201573,4.027039130638325,Feynman17,c,4.008594927250084
5.0,1.0,3.328623676601864,1.0,4.193726651398187,4.204711358705583,Feynman17,c,4.189831137658261
5.0,1.0,13.413193836238248,1.0,4.011162992948403,4.03685577965982,Feynman17,c,4.010575155058348
5.0,1.0,15.42145772039756,1.0,4.0084362878618025,4.038653659654213,Feynman17,c,4.008346793540682
5.0,1.0,9.050923078504965,1.0,4.024640118462234,4.038153106645846,Feynman17,c,4.025862285347639
5.0,1.0,16.59383593743217,1.0,4.007283184237555,3.9883980432460193,Feynman17,c,4.007381218260647
5.0,1.0,5.077129221987175,1.0,4.07992081983875,4.057748329163683,Feynman17,c,4.079286309477151
5.0,1.0,7.669819577230125,1.0,4.034438190396969,4.040345487246148,Feynman17,c,4.034941730599841
5.0,1.0,15.297475674042412,1.0,4.008574031610204,4.0004711776833055,Feynman17,c,4.00845232867711
5.0,1.0,17.657667862751325,1.0,4.006429978440629,3.9882783187223465,Feynman17,c,4.006540619690067
5.0,1.0,17.082535719407232,1.0,4.006871369055542,4.0017216333586365,Feynman17,c,4.006984490429577
5.0,1.0,9.502229137426735,1.0,4.022335971251974,4.035005781665494,Feynman17,c,4.023464368202124
5.0,1.0,18.27561927237925,1.0,4.006001535089782,4.005597087993558,Feynman17,c,4.006134006665244
5.0,1.0,3.5861497715614683,1.0,4.165215364351332,4.1760184207562325,Feynman17,c,4.165104370903197
5.0,1.0,7.479141511585222,1.0,4.036240793034398,4.03629123341391,Feynman17,c,4.0365313164010725
5.0,1.0,16.214989347601573,1.0,4.007628473757027,4.016436827445016,Feynman17,c,4.007691269963948
5.0,1.0,7.186958958756704,1.0,4.039291837549025,4.047778349672565,Feynman17,c,4.039225060956988
5.0,1.0,15.473364659789448,1.0,4.008379604380753,3.984095723020426,Feynman17,c,4.00830303616889
5.0,1.0,10.888292238259677,1.0,4.0169772976720965,4.0356845357078415,Feynman17,c,4.017270073295196
5.0,1.0,7.706107330079004,1.0,4.0341104671278725,4.0268716480243665,Feynman17,c,4.034652144712314
5.0,1.0,13.35316676230291,1.0,4.011264006794637,4.004233675356116,Feynman17,c,4.010671045799739
5.0,1.0,8.252065420666806,1.0,4.029697533990815,4.013835792909473,Feynman17,c,4.030697038975983
5.0,1.0,7.766011058909429,1.0,4.033579649696009,4.030311369054139,Feynman17,c,4.034182414618163
5.0,1.0,4.183319065935556,1.0,4.1194280744126806,4.125022158161278,Feynman17,c,4.120832219226226
5.0,1.0,9.780120556595811,1.0,4.02107479311159,4.018188854944328,Feynman17,c,4.022084170604733
5.0,1.0,4.9042622634287145,1.0,4.08584009913259,4.077234799106413,Feynman17,c,4.0855619283474445
5.0,1.0,7.139273851169379,1.0,4.039826362861965,4.052902203529337,Feynman17,c,4.039699147805126
5.0,1.0,4.8397048839806445,1.0,4.088222256075168,4.0707666127726245,Feynman17,c,4.088093015448592
5.0,1.0,17.067086868686758,1.0,4.0068838465350245,4.00291509296808,Feynman17,c,4.006996876455238
5.0,1.0,13.065986820547682,1.0,4.011766806989568,4.004985168591682,Feynman17,c,4.011165435427174
5.0,1.0,3.974721668631994,1.0,4.132940486571251,4.138884613187205,Feynman17,c,4.134459308706231
5.0,1.0,18.4200265915362,1.0,4.005907595834826,4.00196295090016,Feynman17,c,4.006055292204914
5.0,1.0,13.057903873526072,1.0,4.011781443436582,4.0161965802978505,Feynman17,c,4.011180242399948
5.0,1.0,15.577656273193021,1.0,4.008267430992721,3.9962968144724016,Feynman17,c,4.008215736434193
5.0,1.0,17.035258916698524,1.0,4.006909660288026,3.9925920760289557,Feynman17,c,4.00702244168735
5.0,1.0,9.730762476634787,1.0,4.02129084820003,4.0478146719682,Feynman17,c,4.022324203027662
5.0,1.0,19.369194514862787,1.0,4.0053416587809005,4.0166215235698415,Feynman17,c,4.005741894309915
5.0,1.0,6.374492877770441,1.0,4.050147179324296,4.068212824701627,Feynman17,c,4.049122222337594
5.0,1.0,18.873655199758616,1.0,4.005626437969727,3.997393329288901,Feynman17,c,4.005859394052471
5.0,1.0,14.343478240362685,1.0,4.009756808451421,4.004227364568244,Feynman17,c,4.0093586216440675
5.0,1.0,8.03826688411136,1.0,4.031317155894868,4.042474155993512,Feynman17,c,4.032165169599431
5.0,1.0,8.512391318364354,1.0,4.027890137294894,4.035002747401997,Feynman17,c,4.029021673842334
5.0,1.0,8.071577319078813,1.0,4.031056193019615,4.043887234303313,Feynman17,c,4.031930287575699
5.0,1.0,7.580821165482847,1.0,4.035262328182503,4.047318371173414,Feynman17,c,4.035668943217914
5.0,1.0,14.31754075766025,1.0,4.009792321138049,4.011976452803127,Feynman17,c,4.0093868847642025
5.0,1.0,19.60114374295928,1.0,4.005215740320985,4.028557232234754,Feynman17,c,4.005718994564191
5.0,1.0,16.889943738272194,1.0,4.007029383314148,4.012539130002741,Feynman17,c,4.007139846839589
5.0,1.0,11.009041140769915,1.0,4.016604611219015,4.030026995352251,Feynman17,c,4.016813602439009
5.0,1.0,10.297488558170532,1.0,4.018995575079546,4.026147139138618,Feynman17,c,4.019698811028345
5.0,1.0,5.026292526705857,1.0,4.0815957103777025,4.057071425061537,Feynman17,c,4.081058966213213
5.0,1.0,11.245808870253533,1.0,4.015908656188574,4.012623444195708,Feynman17,c,4.015958865157379
5.0,1.0,19.690544000618253,1.0,4.005168394542538,4.0173361460144825,Feynman17,c,4.005714491076641
5.0,1.0,19.796382578715953,1.0,4.005113172355353,4.008650940413674,Feynman17,c,4.005711537290717
5.0,1.0,9.112506971976416,1.0,4.024305168084386,4.000856456252511,Feynman17,c,4.025522906821315
5.0,1.0,19.995997742921368,1.0,4.005011403834971,4.010620391538592,Feynman17,c,4.005710307612068
5.0,1.0,7.972518836880339,1.0,4.031842030167121,4.028120619632628,Feynman17,c,4.032635966588901
5.0,1.0,7.021068727061266,1.0,4.04119963008207,4.0199850382790165,Feynman17,c,4.04092177361182
5.0,1.0,4.028269109413369,1.0,4.1292576087512565,4.117113813930285,Feynman17,c,4.130788367820793
5.0,1.0,10.144572645044502,1.0,4.019576799732044,4.021855827193549,Feynman17,c,4.020379037643128
5.0,1.0,14.314634788140301,1.0,4.009796311978004,4.014573085119144,Feynman17,c,4.0093900674181295
5.0,1.0,15.472967163535575,1.0,4.008380036279666,4.018621500437263,Feynman17,c,4.008303370416114
5.0,1.0,12.712506618463511,1.0,4.012433369836453,4.009701005859857,Feynman17,c,4.011861911562849
5.0,1.0,12.716471318350758,1.0,4.0124255820171655,4.042990554046389,Feynman17,c,4.011853525959931
5.0,1.0,7.052156889969536,1.0,4.04083161981204,4.0430631407871,Feynman17,c,4.040593417702818
5.0,1.0,6.0075498233683655,1.0,4.056594859283808,4.0542121091480094,Feynman17,c,4.055323850989543
5.0,1.0,7.649520453005812,1.0,4.034623589571987,4.048987369135095,Feynman17,c,4.035105437620338
5.0,1.0,8.33584425709925,1.0,4.02909709101031,4.039088800443552,Feynman17,c,4.030145457182278
5.0,1.0,10.775849115947668,1.0,4.017335772051427,4.017394708054936,Feynman17,c,4.017707492162959
5.0,1.0,18.260144174484843,1.0,4.006011734709919,3.9987001009665946,Feynman17,c,4.006142865193405
5.0,1.0,13.711032701342123,1.0,4.010681359409756,4.002721286797596,Feynman17,c,4.010134098318928
5.0,1.0,19.561484308160676,1.0,4.005236952394561,4.018050663041434,Feynman17,c,4.005721690655393
5.0,1.0,5.23015530457832,1.0,4.075181760494433,4.072267952349144,Feynman17,c,4.074291830676754
5.0,1.0,5.388431180004539,1.0,4.070713856041364,4.0855988525346,Feynman17,c,4.0696241638324615
5.0,1.0,18.379084946763033,1.0,4.005934003587339,4.005157407875196,Feynman17,c,4.00607686689371
5.0,1.0,19.659812571310237,1.0,4.005184596677819,3.9840139974399937,Feynman17,c,4.005715808240641
5.0,1.0,14.505331772195373,1.0,4.009539511010784,3.96727573911221,Feynman17,c,4.009187795157159
5.0,1.0,18.67285190514493,1.0,4.005748361694229,4.0196830099289125,Feynman17,c,4.005935985334984
5.0,1.0,12.0060034531949,1.0,4.013947615730398,3.9936646430666136,Feynman17,c,4.013580831172906
5.0,1.0,17.940809926017813,1.0,4.00622815346089,4.008646509469472,Feynman17,c,4.0063420536664545
5.0,1.0,16.037978076451886,1.0,4.0077982895266535,4.001135886509524,Feynman17,c,4.007836218503429
5.0,1.0,5.259141924971669,1.0,4.074332110306001,4.092170153494229,Feynman17,c,4.073400631106754
5.0,1.0,15.227697062569414,1.0,4.008653045791104,4.011645127701849,Feynman17,c,4.008512469839859
5.0,1.0,13.48097842153137,1.0,4.011050551977559,4.007483645391079,Feynman17,c,4.010469795439136
5.0,1.0,11.916177937465914,1.0,4.014159807810766,4.006372078329372,Feynman17,c,4.013832708585809
5.0,1.0,10.305582869623883,1.0,4.018965534945938,4.0253231998399155,Feynman17,c,4.019663387571248
5.0,1.0,10.684860302217304,1.0,4.017634244461042,4.013990209984104,Feynman17,c,4.018070088642847
5.0,1.0,18.686601039830443,1.0,4.005739887594384,4.009706629691236,Feynman17,c,4.005930214276172
5.0,1.0,3.705167459129249,1.0,4.154159934768512,4.174681207276607,Feynman17,c,4.1549239266967675
5.0,1.0,16.080928837900906,1.0,4.00775656696742,4.013008338173587,Feynman17,c,4.00780103386074
5.0,1.0,14.079669293139956,1.0,4.010127260608682,4.012977904753921,Feynman17,c,4.009658952012567
5.0,1.0,12.012715699393539,1.0,4.013931951791633,4.008882806893738,Feynman17,c,4.013562319529068
5.0,1.0,15.046257302117976,1.0,4.008863693068519,3.9980759431350763,Feynman17,c,4.008671995352733
5.0,1.0,13.212152749330137,1.0,4.01150677666403,4.0116771840314565,Feynman17,c,4.010906246540272
5.0,1.0,16.292378817445936,1.0,4.007555969760874,3.9809800158240267,Feynman17,c,4.007627920484955
5.0,1.0,13.050310717816744,1.0,4.011795217906505,4.017238961667953,Feynman17,c,4.011194198215144
5.0,1.0,15.27631148828143,1.0,4.008597882131379,3.974309848981219,Feynman17,c,4.008470507805724
5.0,1.0,10.045940910563068,1.0,4.019965996631023,4.041562812687255,Feynman17,c,4.020828844106064
5.0,1.0,8.538135828264569,1.0,4.027720450289146,4.027404664695102,Feynman17,c,4.028861865121598
5.0,1.0,6.745743914995303,1.0,4.0446890702389355,4.032403590138376,Feynman17,c,4.044066678433761
5.0,1.0,15.738191551315145,1.0,4.008099119602368,3.9923605089560694,Feynman17,c,4.00808259387317
5.0,1.0,11.604693192399134,1.0,4.0149344632899355,4.0046095105733635,Feynman17,c,4.014766406640598
5.0,1.0,4.053990303899594,1.0,4.127543584207922,4.153814413609129,Feynman17,c,4.129068545922919
5.0,1.0,11.32016774637767,1.0,4.015699115996414,4.030332794139963,Feynman17,c,4.015701546124363
5.0,1.0,3.158962073022464,1.0,4.216862271375121,4.22891830802899,Feynman17,c,4.208344248813414
5.0,1.0,3.860549817321387,1.0,4.141347706201604,4.139029962626741,Feynman17,c,4.142710104250278
5.0,1.0,8.7193187779377,1.0,4.0265690017022395,4.04215370717667,Feynman17,c,4.027763863026672
5.0,1.0,4.401548285440892,1.0,4.107409567208289,4.08762986471667,Feynman17,c,4.108381926596588
5.0,1.0,9.640811465480231,1.0,4.021693251652245,4.034725993669468,Feynman17,c,4.02276728827799
5.0,1.0,19.19685817400246,1.0,4.005438193391504,4.0020516113124245,Feynman17,c,4.00577143358659
5.0,1.0,16.416446975071477,1.0,4.007441874339736,4.03234896731492,Feynman17,c,4.007526363175773
5.0,1.0,5.642914038313763,1.0,4.064328363631747,4.042919601789601,Feynman17,c,4.063054853225838
5.0,1.0,16.098114484844515,1.0,4.007739966586367,3.986663918398206,Feynman17,c,4.007786959033253
5.0,1.0,5.0292758881688595,1.0,4.08149595642488,4.093506630224849,Feynman17,c,4.080953305411172
5.0,1.0,10.487035464530654,1.0,4.018310433674197,4.019937637827234,Feynman17,c,4.018884787859749
5.0,1.0,4.213667455029321,1.0,4.1176375750136485,4.122306012187344,Feynman17,c,4.118995348325577
5.0,1.0,9.342759961702088,1.0,4.023111650052921,4.026527702755497,Feynman17,c,4.024288712515744
5.0,1.0,5.84361086865753,1.0,4.0598875364685085,4.056410990312887,Feynman17,c,4.058580277385948
5.0,1.0,5.312077245363402,1.0,4.0728175409569625,4.050563633841532,Feynman17,c,4.0718159198308
5.0,1.0,12.751353760370002,1.0,4.0123573775471835,4.0386897247213325,Feynman17,c,4.011780324048421
5.0,1.0,4.03350107351201,1.0,4.128906125719094,4.102792586354932,Feynman17,c,4.130436276545154
5.0,1.0,10.327398944002248,1.0,4.01888492449066,4.024159133883134,Feynman17,c,4.01956820596805
5.0,1.0,5.557088939148954,1.0,4.0663808304840785,4.0722221660775935,Feynman17,c,4.065150874078437
5.0,1.0,4.433275112558278,1.0,4.105816384726332,4.125913628756858,Feynman17,c,4.106712343759321
5.0,1.0,6.63686895436619,1.0,4.046193009717624,4.073323210408456,Feynman17,c,4.0454421006475725
5.0,1.0,15.153567906555324,1.0,4.008738190157434,4.010796348827785,Feynman17,c,4.008577052198945
5.0,1.0,13.76711342244272,1.0,4.010594169697992,4.009472268286435,Feynman17,c,4.0100570958590405
5.0,1.0,15.314558961010267,1.0,4.008554852355253,3.9911500254963372,Feynman17,c,4.0084376921626665
5.0,1.0,11.294439178021493,1.0,4.015771146226005,3.99774705815724,Feynman17,c,4.015789975718562
5.0,1.0,10.981974886332978,1.0,4.01668707328602,4.0197936228358255,Feynman17,c,4.016914721381559
5.0,1.0,6.0986620845538555,1.0,4.054881766239282,4.062216301494675,Feynman17,c,4.053652606210099
5.0,1.0,16.162538430010912,1.0,4.007678209059699,4.011015990465158,Feynman17,c,4.007734208517734
5.0,1.0,19.011188423957,1.0,4.005545156659732,4.0274070274442995,Feynman17,c,4.0058166316192025
5.0,1.0,11.318559195856118,1.0,4.015703604824097,3.998863791606008,Feynman17,c,4.015707055991076
5.0,1.0,12.691012609932153,1.0,4.012475718212853,4.006895217194438,Feynman17,c,4.011907606854726
5.0,1.0,9.946666600291273,1.0,4.020369597895526,4.022634127432864,Feynman17,c,4.021290309573515
5.0,1.0,14.021501621291797,1.0,4.010211782723317,4.017926034158428,Feynman17,c,4.009729313005228
5.0,1.0,18.916203511542612,1.0,4.005601102156548,4.024286915863362,Feynman17,c,4.00584531601573
5.0,1.0,12.236088304771274,1.0,4.013425392307962,4.018724816451948,Feynman17,c,4.0129706379771655
5.0,1.0,4.660160507414743,1.0,4.095400959176137,4.071056181076297,Feynman17,c,4.095717837747716
5.0,1.0,17.985067505770964,1.0,4.0061974675600345,3.989254176503777,Feynman17,c,4.006312719549104
5.0,1.0,4.694906757669955,1.0,4.093944136511821,4.084845883556084,Feynman17,c,4.0941720476134
5.0,1.0,17.330192901296805,1.0,4.006675893250753,3.975414299539919,Feynman17,c,4.006788538211959
5.0,1.0,16.71774097959139,1.0,4.007175334772679,3.998681324090378,Feynman17,c,4.007279994725495
5.0,1.0,14.887659882696354,1.0,4.009054192932731,3.9993630163092013,Feynman17,c,4.008816056693688
5.0,1.0,10.010455930514702,1.0,4.020108869194568,4.031770041300116,Feynman17,c,4.020992786778068
5.0,1.0,5.687687508149814,1.0,4.063295492341791,4.073153251604406,Feynman17,c,4.062006397269156
5.0,1.0,7.664095251146513,1.0,4.034490321026176,4.064915092870679,Feynman17,c,4.034987769707697
5.0,1.0,6.922033610122732,1.0,4.042405915652068,4.026116585201493,Feynman17,c,4.042002199629279
5.0,1.0,17.423965028939797,1.0,4.006604052519328,3.9977936259523412,Feynman17,c,4.006715983637721
5.0,1.0,10.203205245991189,1.0,4.01935081984941,4.040105804990483,Feynman17,c,4.020115749499915
5.0,1.0,18.586042119508534,1.0,4.005802301985648,4.016685233314982,Feynman17,c,4.005974165884289
5.0,1.0,18.542352836609155,1.0,4.00582973670959,4.016362067003232,Feynman17,c,4.0059945009582725
5.0,1.0,18.514215048224074,1.0,4.0058475090749655,3.9939886635471438,Feynman17,c,4.006007986556677
5.0,1.0,19.516732472200164,1.0,4.005261044033662,4.022826355736423,Feynman17,c,4.005725300091941
5.0,1.0,15.193341329337468,1.0,4.008692350992528,4.01140130106937,Feynman17,c,4.008542307054628
5.0,1.0,3.343791432016952,1.0,4.191844933049348,4.177824568462597,Feynman17,c,4.188265707727058
5.0,1.0,6.00309702847105,1.0,4.056680642496211,4.079207416516619,Feynman17,c,4.055407965401665
5.0,1.0,11.812245391113157,1.0,4.014411434323779,4.014372751433743,Feynman17,c,4.014133820573227
5.0,1.0,10.55637111385559,1.0,4.01806906594424,4.021766475826674,Feynman17,c,4.018595160613751
5.0,1.0,18.542213844213723,1.0,4.005829824300469,4.028738775195241,Feynman17,c,4.005994566828781
5.0,1.0,8.186610922797065,1.0,4.0301797238031485,4.01433522071996,Feynman17,c,4.031136895832331
5.0,1.0,11.835035085468839,1.0,4.014355687221124,4.021111900649448,Feynman17,c,4.0140669029237905
5.0,1.0,18.538336283680003,1.0,4.005832268676287,4.018625190657612,Feynman17,c,4.005996407450046
5.0,1.0,5.996447584734412,1.0,4.056809110324115,4.0662081068847735,Feynman17,c,4.055534008846272
5.0,1.0,9.836444451338352,1.0,4.0208322504626945,4.023845450179045,Feynman17,c,4.021812928513315
5.0,1.0,17.117679375161536,1.0,4.00684311095584,4.013669988780665,Feynman17,c,4.006956374173925
5.0,1.0,10.323168339005038,1.0,4.018900516274296,4.014484815419636,Feynman17,c,4.019586630304549
5.0,1.0,14.72112352637361,1.0,4.0092609232752645,3.9990805672352936,Feynman17,c,4.008973174693849
5.0,1.0,19.598254459101437,1.0,4.0052172813116735,3.990034160100861,Feynman17,c,4.005719175680543
5.0,1.0,14.693477448679769,1.0,4.009295926984103,4.004223283036557,Feynman17,c,4.008999925460223
5.0,1.0,10.017891793599413,1.0,4.020078803259766,4.0304771120072,Feynman17,c,4.02095834003202
5.0,1.0,17.2102452718777,1.0,4.006769510630281,4.036049175887217,Feynman17,c,4.006882765078527
5.0,1.0,16.2388360562622,1.0,4.0076060215031655,3.97965112990844,Feynman17,c,4.007671749223338
5.0,1.0,14.101720205890832,1.0,4.010095493389143,4.018239340588212,Feynman17,c,4.009632693017423
5.0,1.0,9.505949130535694,1.0,4.022318346506334,4.004035990515335,Feynman17,c,4.023445424721334
5.0,1.0,14.91677153554385,1.0,4.009018767497259,3.9918961679066327,Feynman17,c,4.008789240020339
5.0,1.0,15.137946934187328,1.0,4.008756292773662,4.014903133748937,Feynman17,c,4.008590760866735
5.0,1.0,3.3375544158812107,1.0,4.192615288397539,4.199789198090968,Feynman17,c,4.188907690074461
5.0,1.0,5.5629514224340175,1.0,4.0662375015211225,4.104818967369252,Feynman17,c,4.065003986085117
5.0,1.0,15.219558602957257,1.0,4.008662332562039,4.03246097093112,Feynman17,c,4.0085195237839235
5.0,1.0,8.107534345244343,1.0,4.030778154053007,4.028067557233339,Feynman17,c,4.031679390225377
5.0,1.0,8.939078414088494,1.0,4.025266455044019,4.008828033990877,Feynman17,c,4.026489254266259
5.0,1.0,12.74829887327812,1.0,4.0123633281666455,4.001618854067868,Feynman17,c,4.01178669356261
5.0,1.0,3.482773576156194,1.0,4.175834453349074,4.177068961690519,Feynman17,c,4.174568913431198
5.0,1.0,18.394441949075237,1.0,4.0059240774447735,4.017107201828221,Feynman17,c,4.006068703949106
5.0,1.0,3.7370060282464737,1.0,4.151393911780953,4.160448476513542,Feynman17,c,4.152324624586787
5.0,1.0,17.44370395289186,1.0,4.0065890780356535,4.007389570684505,Feynman17,c,4.006700853149433
5.0,1.0,19.1698544431336,1.0,4.005453556639502,4.003588247243003,Feynman17,c,4.0057771253869685
5.0,1.0,11.841791495207872,1.0,4.014339222269735,4.003505388490444,Feynman17,c,4.014047160374601
5.0,1.0,5.979328902715476,1.0,4.057141875759813,4.050578148726171,Feynman17,c,4.055860909343375
5.0,1.0,12.878723005616461,1.0,4.012113053921052,4.008136043756336,Feynman17,c,4.011521709693205
5.0,1.0,4.743286208868696,1.0,4.091971264435361,4.100719860284087,Feynman17,c,4.092076979426368
5.0,1.0,16.01520498989213,1.0,4.007820548238771,4.0111489280683505,Feynman17,c,4.007854880025743
5.0,1.0,18.01232490636271,1.0,4.006178681495341,3.9954387962178717,Feynman17,c,4.006294910597316
5.0,1.0,7.661025400059051,1.0,4.034518326711017,4.052948340531104,Feynman17,c,4.035012500290248
5.0,1.0,4.77348963674077,1.0,4.0907712896385195,4.099251345727527,Feynman17,c,4.090802016648741
5.0,1.0,3.5090855044960527,1.0,4.173034506210254,4.176240797927874,Feynman17,c,4.172103120771222
5.0,1.0,17.994188937503736,1.0,4.006191171446465,3.9816307394331587,Feynman17,c,4.006306737751562
5.0,1.0,5.281723801276715,1.0,4.073680226469849,4.080440903972392,Feynman17,c,4.072717916609775
5.0,1.0,14.30174680857674,1.0,4.0098140408326906,4.011006557306481,Feynman17,c,4.009404222110293
5.0,1.0,7.5413743012523025,1.0,4.0356371455301385,4.053423232831162,Feynman17,c,4.03599935975317
5.0,1.0,19.121517580390773,1.0,4.005481220110095,4.001417994677159,Feynman17,c,4.005788056677246
5.0,1.0,19.504687045512874,1.0,4.005267556966845,4.012895239900694,Feynman17,c,4.005726379034782
5.0,1.0,16.518713050492398,1.0,4.0073497620969905,4.0246367898439255,Feynman17,c,4.007442667936573
5.0,1.0,6.555184075357501,1.0,4.047372073764787,4.0685251780817575,Feynman17,c,4.046529607944291
5.0,1.0,6.040346626684894,1.0,4.055969025973317,4.04581246697344,Feynman17,c,4.054711412163432
5.0,1.0,6.458275073435434,1.0,4.048830747481739,4.054341143956656,Feynman17,c,4.047886533650857
5.0,1.0,13.65832277667908,1.0,4.010764294793753,4.014252694411537,Feynman17,c,4.01020814553095
5.0,1.0,9.855420306755907,1.0,4.020751481144243,4.013579244697569,Feynman17,c,4.0217221834395
5.0,1.0,7.068886431952322,1.0,4.040635629058534,4.0547878097770464,Feynman17,c,4.040418768141437
5.0,1.0,6.3858333200198505,1.0,4.049965878989361,4.039698919591931,Feynman17,c,4.048951415873289
5.0,1.0,9.973425131506346,1.0,4.020259611249339,4.038736611201483,Feynman17,c,4.021165063754079
5.0,1.0,5.275362431272134,1.0,4.07386298548101,4.09728782645613,Feynman17,c,4.072909224089801
5.0,1.0,16.4250629400778,1.0,4.007434047164338,3.9887293616043094,Feynman17,c,4.007519310841344
5.0,1.0,19.412320473344284,1.0,4.005317904036253,3.9966805834631756,Feynman17,c,4.005736259004296
5.0,1.0,3.08317817404269,1.0,4.2285964443496775,4.22421408744135,Feynman17,c,4.217235935233602
5.0,1.0,3.642971828805833,1.0,4.159791018123079,4.147053034550648,Feynman17,c,4.16015109961262
5.0,1.0,14.556328117661034,1.0,4.009472549830719,4.0247442169223975,Feynman17,c,4.009135813360558
5.0,1.0,19.07281655991638,1.0,4.005509305555506,3.999225338847444,Feynman17,c,4.005800044908698
5.0,1.0,16.744221487935462,1.0,4.007152596682583,3.9884329498501523,Feynman17,c,4.007258393880757
5.0,1.0,18.550536303841923,1.0,4.005824583093894,4.010429973887744,Feynman17,c,4.0059906357885735
5.0,1.0,15.926517404655868,1.0,4.007908148132487,4.027462450567587,Feynman17,c,4.007927613388568
5.0,1.0,8.537427431323371,1.0,4.027725098654763,4.005730783085011,Feynman17,c,4.028866249320858
5.0,1.0,14.956130417153979,1.0,4.008971202381281,3.9935847457618525,Feynman17,c,4.00875326157625
5.0,1.0,8.28472218163905,1.0,4.029461283777608,4.042005096028127,Feynman17,c,4.03048054916387
5.0,1.0,13.594454284822847,1.0,4.010866089946704,4.016910643735022,Feynman17,c,4.010300108496921
5.0,1.0,13.942907601620652,1.0,4.010327679183786,4.046958962414593,Feynman17,c,4.009826992655495
5.0,1.0,19.852878259834583,1.0,4.00508405704846,4.018953080702663,Feynman17,c,4.005710775509906
5.0,1.0,7.513954916007876,1.0,4.035901227522646,4.051163254194208,Feynman17,c,4.036232094255681
5.0,1.0,16.290998769649224,1.0,4.00755725361248,4.015836678948893,Feynman17,c,4.007629050150857
5.0,1.0,13.927057974987143,1.0,4.01035129067624,3.994362898882473,Feynman17,c,4.009847067142924
5.0,1.0,11.357434554019823,1.0,4.015595656621858,4.0197945253389245,Feynman17,c,4.0155745946337795
5.0,1.0,16.212466915880132,1.0,4.007630854505584,4.024725850268608,Feynman17,c,4.007693334838261
5.0,1.0,8.550444356464178,1.0,4.0276398709752055,4.0473215100066735,Feynman17,c,4.028785806707718
5.0,1.0,3.952741619399271,1.0,4.134498695298994,4.145313364030105,Feynman17,c,4.13600224805579
5.0,1.0,3.0963912355420655,1.0,4.226481175649298,4.223996268103254,Feynman17,c,4.215656875537948
5.0,1.0,3.93316289717166,1.0,4.135910244761461,4.122604021689979,Feynman17,c,4.1373946341067365
5.0,1.0,19.910056329078902,1.0,4.005054842703407,3.995066384786298,Feynman17,c,4.005710412317854
5.0,1.0,13.220727704378643,1.0,4.011491790563924,4.025291521600466,Feynman17,c,4.010891535715922
5.0,1.0,15.474419708214402,1.0,4.008378458181669,4.015752350928762,Feynman17,c,4.008302149058645
5.0,1.0,6.855864797745038,1.0,4.043241805199945,4.025981086394928,Feynman17,c,4.042754903334599
5.0,1.0,14.357812307754136,1.0,4.009737265672775,4.021355688464197,Feynman17,c,4.009343112064439
5.0,1.0,8.532655767108125,1.0,4.027756439995156,4.007013326697812,Feynman17,c,4.028895800000631
5.0,1.0,9.699410583566587,1.0,4.021429819460881,4.0437337545885175,Feynman17,c,4.022477807584113
5.0,1.0,10.927219791457224,1.0,4.016855787658167,3.9966535179025033,Feynman17,c,4.017121408409159
5.0,1.0,10.128583309784492,1.0,4.01963911406655,4.020810046616601,Feynman17,c,4.020451368805014
5.0,1.0,11.824556280592052,1.0,4.014381279674035,4.0385021619217145,Feynman17,c,4.014097609664693
5.0,1.0,16.978482495455935,1.0,4.00695607048589,4.024125250182848,Feynman17,c,4.00706819090412
5.0,1.0,10.249433442892563,1.0,4.019175402449965,4.007707507139338,Feynman17,c,4.019910325967919
5.0,1.0,6.386728409258632,1.0,4.049951611284682,4.048041497333042,Feynman17,c,4.048937982487371
5.0,1.0,11.540139496477542,1.0,4.015102962728182,4.029097499494567,Feynman17,c,4.014971680386402
5.0,1.0,11.175618349463553,1.0,4.016110330884887,4.029182878915259,Feynman17,c,4.016206650105675
5.0,1.0,17.479391711875582,1.0,4.006562133418628,3.9956607238254525,Feynman17,c,4.0066736335385436
5.0,1.0,4.603156948015931,1.0,4.097866354317252,4.11070807530444,Feynman17,c,4.098330429740307
5.0,1.0,13.323915145566827,1.0,4.011313729845914,4.005122447872072,Feynman17,c,4.010718675396294
5.0,1.0,10.215518864491472,1.0,4.019303859605663,4.027032753470751,Feynman17,c,4.02006084511771
5.0,1.0,17.225688621409745,1.0,4.006757347168714,4.013986213253297,Feynman17,c,4.006870554604357
5.0,1.0,11.539425967869468,1.0,4.015104841131632,4.01644388775066,Feynman17,c,4.014973971951062
5.0,1.0,4.049334945267663,1.0,4.127851234391588,4.121146375632616,Feynman17,c,4.129377759388669
5.0,1.0,8.281119494983626,1.0,4.029487207727308,4.036366852157981,Feynman17,c,4.0305043378344445
5.0,1.0,19.81326400168182,1.0,4.005104446273767,3.9943769813938905,Feynman17,c,4.005711259610171
5.0,1.0,14.174144223432863,1.0,4.009992203453365,4.0244816260412595,Feynman17,c,4.009547993734271
5.0,1.0,10.84609418505736,1.0,4.017110509649728,4.056033075796266,Feynman17,c,4.01743283980096
5.0,1.0,10.08851992898009,1.0,4.01979656706357,4.010798675024646,Feynman17,c,4.020633603035056
5.0,1.0,14.659302001714115,1.0,4.009339473067969,3.9967182438608613,Feynman17,c,4.009033280559283
5.0,1.0,4.835666926878619,1.0,4.0883745759702865,4.10734388935445,Feynman17,c,4.088254895247646
5.0,1.0,7.0568018406764335,1.0,4.040777060387064,4.053190649995919,Feynman17,c,4.040544783965444
5.0,1.0,5.183835442382248,1.0,4.076570324047781,4.050963529713005,Feynman17,c,4.075751364816581
5.0,1.0,18.396167533541103,1.0,4.0059229636549585,4.013345036216366,Feynman17,c,4.006067791980586
5.0,1.0,18.769437838473692,1.0,4.005689226797844,4.003637691715868,Feynman17,c,4.005897070627348
5.0,1.0,17.249287331694166,1.0,4.00673882367602,3.9855956377522066,Feynman17,c,4.006851938511634
5.0,1.0,17.57383804198829,1.0,4.006491618426786,4.015976065821978,Feynman17,c,4.006602512326729
5.0,1.0,15.478118998804726,1.0,4.008374441151032,4.005321338393086,Feynman17,c,4.008299039296361
5.0,1.0,3.7403454362633934,1.0,4.151108196627441,4.163320481877923,Feynman17,c,4.152054945255723
5.0,1.0,3.8198332348323776,1.0,4.144543248844291,4.117687325625245,Feynman17,c,4.14579767175843
5.0,1.0,18.578661195964923,1.0,4.005806923220304,4.000855718126098,Feynman17,c,4.005977549295618
5.0,1.0,13.042384860228518,1.0,4.0118096217407455,4.010825594658564,Feynman17,c,4.011208813259799
5.0,1.0,5.355947341133879,1.0,4.071597453591591,4.089557262993559,Feynman17,c,4.070543339135157
5.0,1.0,15.29147558812222,1.0,4.008580783176988,4.012162454832128,Feynman17,c,4.008457477224894
5.0,1.0,12.855986767028805,1.0,4.012156132161582,4.001867184355396,Feynman17,c,4.011566887621013
5.0,1.0,9.627472039227925,1.0,4.021753899464448,4.00998215930982,Feynman17,c,4.022833620788211
5.0,1.0,5.330946455249359,1.0,4.0722889354670775,4.050196259916236,Feynman17,c,4.071264109624903
5.0,1.0,6.434314721523338,1.0,4.049201850319346,4.050502106013534,Feynman17,c,4.048233807702807
5.0,1.0,4.392398376624487,1.0,4.107875812224592,4.127125174861701,Feynman17,c,4.10886978198682
5.0,1.0,13.99961850515124,1.0,4.010243855042075,4.014679847985893,Feynman17,c,4.009756203375295
5.0,1.0,4.2143233191633005,1.0,4.117599332181983,4.132711875824199,Feynman17,c,4.1189560413393735
5.0,1.0,18.373607513324156,1.0,4.005937550019022,4.017826539244448,Feynman17,c,4.006079798669838
5.0,1.0,17.744642220349107,1.0,4.006366950358304,4.008537046540303,Feynman17,c,4.006477786509828
5.0,1.0,15.975654622658546,1.0,4.007859432624752,4.015502918210023,Feynman17,c,4.0078873027111825
5.0,1.0,12.823331831929865,1.0,4.012218407103907,4.019500216218425,Feynman17,c,4.011632519608956
5.0,1.0,4.395455679490748,1.0,4.107719681914449,4.076790085888129,Feynman17,c,4.108706453725455
5.0,1.0,9.6994396303148,1.0,4.021429690076749,4.017184769044041,Feynman17,c,4.022477664863132
5.0,1.0,19.213662889824246,1.0,4.005428665445187,3.9919052656047977,Feynman17,c,4.005768040230475
5.0,1.0,13.586900707601103,1.0,4.010878224558738,4.043011109995295,Feynman17,c,4.010311150555628
5.0,1.0,14.554441293535955,1.0,4.009475014748911,3.9954156208128664,Feynman17,c,4.009137721941419
5.0,1.0,6.8947637501322365,1.0,4.04274742997837,4.00587611154266,Feynman17,c,4.042309310244972
5.0,1.0,6.031242556374919,1.0,4.0561416989524455,4.071749736530751,Feynman17,c,4.05488017411534
5.0,1.0,5.425032254627044,1.0,4.069737889647845,4.092183646750699,Feynman17,c,4.068611454032258
5.0,1.0,6.221794704814149,1.0,4.052688297049765,4.0376513273470325,Feynman17,c,4.051537189954113
5.0,1.0,18.54875427859947,1.0,4.005825704758478,4.013415324454149,Feynman17,c,4.005991475269679
5.0,1.0,16.375872298176247,1.0,4.007478901270817,4.020800212001954,Feynman17,c,4.0075595753844455
5.0,1.0,6.256369552496891,1.0,4.052096164041551,4.045554253744583,Feynman17,c,4.050970981414305
5.0,1.0,15.407840715520834,1.0,4.008451253258333,4.029585947833329,Feynman17,c,4.008358311088673
5.0,1.0,7.80067583255522,1.0,4.033278142747879,4.023993596143662,Feynman17,c,4.033915150318045
5.0,1.0,18.062208461760676,1.0,4.006144521933561,3.980634580745208,Feynman17,c,4.006262845546713
5.0,1.0,18.795977484570493,1.0,4.005673137758208,4.003827112941326,Feynman17,c,4.005887047793702
5.0,1.0,17.814273536759707,1.0,4.006317156418815,4.0033164542651685,Feynman17,c,4.006428601450661
5.0,1.0,11.768112472111175,1.0,4.014520319268926,4.010962198400609,Feynman17,c,4.014264836040813
5.0,1.0,3.2357883386127706,1.0,4.205887271910941,4.212227223867894,Feynman17,c,4.199728765427165
5.0,1.0,16.60954533812919,1.0,4.007269376238904,4.011936590302646,Feynman17,c,4.007368373873506
5.0,1.0,9.027108521259679,1.0,4.024771508677023,4.027272265219063,Feynman17,c,4.0259946204009704
5.0,1.0,5.28224127660865,1.0,4.073665389773104,4.063196698805536,Feynman17,c,4.072702389241639
5.0,1.0,13.450512686392756,1.0,4.011100877021089,4.021210423657661,Feynman17,c,4.010516771088828
5.0,1.0,18.764115921819325,1.0,4.005692461328823,4.027660141930327,Feynman17,c,4.005899115481008
5.0,1.0,15.078646608018243,1.0,4.008825529119531,4.023569481890718,Feynman17,c,4.00864314323367
5.0,1.0,14.79748012293889,1.0,4.009165267241407,4.007371914863674,Feynman17,c,4.008900313696447
5.0,1.0,17.895602977100694,1.0,4.00625973368145,4.003493142419268,Feynman17,c,4.0063725318052725
5.0,1.0,12.186262637121246,1.0,4.01353595990529,3.9934339520923023,Feynman17,c,4.013098546267687
5.0,1.0,9.700630392399388,1.0,4.021424387027094,4.031252111237034,Feynman17,c,4.02247181471782
5.0,1.0,11.673563452511125,1.0,4.014757792524848,3.989405896904801,Feynman17,c,4.01455186930338
5.0,1.0,17.080365824332308,1.0,4.006873119550969,3.9713767673138674,Feynman17,c,4.006986229188237
5.0,1.0,17.220842398730756,1.0,4.006761160606418,4.015592244158336,Feynman17,c,4.006874384006076
5.0,1.0,12.178180806988552,1.0,4.013554023107321,4.012074372645691,Feynman17,c,4.0131195123335655
5.0,1.0,4.888216974727771,1.0,4.086422978816948,4.093403743564923,Feynman17,c,4.086181106334289
5.0,1.0,12.263612790684649,1.0,4.0133648939312945,3.996573526499952,Feynman17,c,4.012900972464549
5.0,1.0,16.11121723569947,1.0,4.007727345868921,4.007732521494622,Feynman17,c,4.007776229097943
5.0,1.0,16.1908560723795,1.0,4.007651297283817,4.034884328204823,Feynman17,c,4.0077110259052615
5.0,1.0,17.66690811406624,1.0,4.006423237902817,3.9924077870414068,Feynman17,c,4.006533874787482
5.0,1.0,8.514826337958816,1.0,4.027874020760387,4.040682803809451,Feynman17,c,4.029006516125253
5.0,1.0,17.229157763864432,1.0,4.006754619322546,4.003713595527474,Feynman17,c,4.006867814670185
5.0,1.0,12.760995270319087,1.0,4.012338625027969,4.01486609120915,Feynman17,c,4.011760273024814
5.0,1.0,10.111711896278532,1.0,4.019705190021677,4.021390777139812,Feynman17,c,4.02052793692279
5.0,1.0,8.87288978352299,1.0,4.025648465617228,4.020529237934502,Feynman17,c,4.026866997355797
5.0,1.0,4.78362640283772,1.0,4.090373876576675,4.101595413051261,Feynman17,c,4.090379698387813
5.0,1.0,9.32292467669778,1.0,4.0232109570830765,4.034551827640802,Feynman17,c,4.024392950782207
5.0,1.0,6.676622113762273,1.0,4.045635151919645,4.040665408980689,Feynman17,c,4.04493040492848
5.0,1.0,4.824120424460949,1.0,4.088812340716058,4.0796867268948205,Feynman17,c,4.08872014421218
5.0,1.0,7.754608505887158,1.0,4.033679726513601,4.040456046575525,Feynman17,c,4.034271047863205
5.0,1.0,18.360545411762672,1.0,4.005946020088694,4.009650645969788,Feynman17,c,4.006086832855944
5.0,1.0,19.16555777438182,1.0,4.005456007152304,4.008808731716597,Feynman17,c,4.005778058346809
5.0,1.0,6.3753894735775605,1.0,4.0501328092741025,4.0702272360135945,Feynman17,c,4.049108676746645
5.0,1.0,12.84162517614081,1.0,4.012183461708997,4.001752675556485,Feynman17,c,4.011595643869195
5.0,1.0,12.395262143722361,1.0,4.013081119281649,4.010728176770104,Feynman17,c,4.01257744474882
5.0,1.0,8.43777016684663,1.0,4.028390910519323,4.007783073607939,Feynman17,c,4.029490579815349
5.0,1.0,17.712506157485887,1.0,4.006390130063842,4.014934672548484,Feynman17,c,4.006500829091012
5.0,1.0,4.6757190224402105,1.0,4.094744421454867,4.105122061796489,Feynman17,c,4.095021362665225
5.0,1.0,5.901836646842754,1.0,4.058685695297483,4.054825990288958,Feynman17,c,4.057385192594645
5.0,1.0,17.504767546691113,1.0,4.00654307490516,4.017951302511562,Feynman17,c,4.006654390265659
5.0,1.0,15.07682726501291,1.0,4.008827666283945,4.007788898880899,Feynman17,c,4.008644759228401
5.0,1.0,9.790411430127124,1.0,4.0210301623996445,4.005962726759331,Feynman17,c,4.022034400458809
5.0,1.0,11.143777113950668,1.0,4.01620308781202,4.028354318732248,Feynman17,c,4.016320616703093
5.0,1.0,7.552975480428482,1.0,4.035526292425539,4.043214912622053,Feynman17,c,4.035901651836703
5.0,1.0,11.001653314030257,1.0,4.0166270586402755,3.9902172646329848,Feynman17,c,4.0168411341755625
5.0,1.0,17.929255869263258,1.0,4.006236201988083,3.998240840052208,Feynman17,c,4.006349794708179
5.0,1.0,13.49660095244984,1.0,4.011024878601146,3.9957264276275914,Feynman17,c,4.010445943260259
5.0,1.0,18.729006135293012,1.0,4.005713869542396,4.002282800793096,Feynman17,c,4.005912897496246
5.0,1.0,6.75658862376204,1.0,4.044543325123289,4.057548269378129,Feynman17,c,4.043934065980342
5.0,1.0,13.280008244436424,1.0,4.0113889856850315,3.982059097184131,Feynman17,c,4.010791297100735
5.0,1.0,17.441561298542176,1.0,4.006590701043832,4.000965887659439,Feynman17,c,4.00670249301664
5.0,1.0,6.8871156292094895,1.0,4.042843956146681,4.043272881155347,Feynman17,c,4.042396215821457
5.0,1.0,12.32038445913,1.0,4.0132413974185095,4.014193526694613,Feynman17,c,4.012759500235008
5.0,1.0,16.755983202084927,1.0,4.007142531900945,3.9904475950154263,Feynman17,c,4.007248804267665
5.0,1.0,12.260209391968107,1.0,4.013372352328858,4.013376153335034,Feynman17,c,4.012909548425688
5.0,1.0,9.50121828712308,1.0,4.022340764120064,4.01560050696364,Feynman17,c,4.023469518026272
5.0,1.0,6.835866544306011,1.0,4.043499330234573,4.078236460521991,Feynman17,c,4.042987508789048
5.0,1.0,18.510456781807378,1.0,4.005849889023408,3.9992934557433393,Feynman17,c,4.006009810606095
5.0,1.0,11.84572823620269,1.0,4.014329641756938,3.996694899884291,Feynman17,c,4.014035677343656
5.0,1.0,6.611700639488613,1.0,4.04655153336795,4.039064180351289,Feynman17,c,4.045771914583771
5.0,1.0,14.442684386003197,1.0,4.009622748241935,4.0115619000338105,Feynman17,c,4.009252824133091
5.0,1.0,11.44432752582994,1.0,4.015358369881114,4.008082732071761,Feynman17,c,4.015283814290968
5.0,1.0,13.032883470834946,1.0,4.011826923674077,4.021073267584887,Feynman17,c,4.011226397982443
5.0,1.0,18.42479334100726,1.0,4.0059045327056335,4.007865701961225,Feynman17,c,4.0060528195559515
5.0,1.0,10.18180320546482,1.0,4.019432850186097,4.029220860694791,Feynman17,c,4.0202114996221425
5.0,1.0,8.894703211581993,1.0,4.025521613868098,4.028199622459288,Feynman17,c,4.026741940238619
5.0,1.0,3.4938879692057307,1.0,4.174643323893434,4.138841011261647,Feynman17,c,4.173522528895664
5.0,1.0,10.668582453821955,1.0,4.017688455006161,4.025163128873595,Feynman17,c,4.018135766611583
5.0,1.0,5.7540665568029645,1.0,4.061809729807474,4.074771814424679,Feynman17,c,4.060506209465089
5.0,1.0,16.852265213216583,1.0,4.007060934607051,3.9937535598278835,Feynman17,c,4.007170436487387
5.0,1.0,3.2765363686827387,1.0,4.20040921872917,4.218399795601888,Feynman17,c,4.195316674855903
5.0,1.0,17.021433431256565,1.0,4.006920918608878,3.99948966851705,Feynman17,c,4.007033565599655
5.0,1.0,8.816219236075334,1.0,4.025982491442867,4.010738546907668,Feynman17,c,4.027194554331177
5.0,1.0,11.955792643054775,1.0,4.014065633444049,4.0086073561247675,Feynman17,c,4.013720673095577
5.0,1.0,10.519793164483435,1.0,4.018195799024047,4.0255814660683535,Feynman17,c,4.018747406571397
5.0,1.0,16.965607220674592,1.0,4.00696666008699,4.012200514371655,Feynman17,c,4.007078588986933
5.0,1.0,5.496712025703994,1.0,4.067884654154564,4.0695515416905135,Feynman17,c,4.066696437609149
5.0,1.0,6.067284883717733,1.0,4.055462771604644,4.062894485012455,Feynman17,c,4.054217580014795
5.0,1.0,11.964440653216133,1.0,4.014045200066117,4.010492842035671,Feynman17,c,4.01369641556223
5.0,1.0,10.965289402860508,1.0,4.016738215604379,4.024976403870081,Feynman17,c,4.016977404280455
5.0,1.0,5.408193247094008,1.0,4.070184353213289,4.061663143502783,Feynman17,c,4.069074383102162
5.0,1.0,19.336389062186544,1.0,4.005359835582335,3.994666476557458,Feynman17,c,4.005746638002258
5.0,1.0,10.536341776903713,1.0,4.018138297398353,4.012092005208123,Feynman17,c,4.018678375974169
5.0,1.0,14.868791288182257,1.0,4.009077265505816,4.021239893514253,Feynman17,c,4.008833534667011
5.0,1.0,15.392743911918064,1.0,4.008467891631559,4.026958665844907,Feynman17,c,4.008371100084276
5.0,1.0,10.83097693743184,1.0,4.017158614679177,3.992466573721565,Feynman17,c,4.017491556921234
5.0,1.0,5.292714599555994,1.0,4.073366075206871,4.080491563346391,Feynman17,c,4.072389248608141
5.0,1.0,19.074717459248834,1.0,4.005508205276634,4.012212435033893,Feynman17,c,4.0057995585130675
5.0,1.0,15.222365708661323,1.0,4.008659127692335,4.012186062797422,Feynman17,c,4.008517089772998
5.0,1.0,10.823460485216293,1.0,4.01718260870514,3.993719934287506,Feynman17,c,4.017520831414569
5.0,1.0,8.14244919239297,1.0,4.030511744978537,4.030937314497965,Feynman17,c,4.031438319386751
5.0,1.0,10.480149333296993,1.0,4.018334669588516,4.037490895036033,Feynman17,c,4.018913791615691
5.0,1.0,9.388600156664133,1.0,4.022884578249932,4.0283134957946185,Feynman17,c,4.0240492704447695
5.0,1.0,17.63458315005818,1.0,4.006446864650695,3.9983921620274803,Feynman17,c,4.00655753918616
5.0,1.0,4.341897898393627,1.0,4.110505350744622,4.084915015239126,Feynman17,c,4.111614479966856
5.0,1.0,8.226411306726698,1.0,4.029885130872329,4.049901492364263,Feynman17,c,4.030868475979666
5.0,1.0,7.650780510621729,1.0,4.03461203729222,4.030344836479469,Feynman17,c,4.035095239205378
5.0,1.0,15.987062928846647,1.0,4.007848186683561,4.009038686684798,Feynman17,c,4.007877948508143
5.0,1.0,9.227631858769643,1.0,4.023697117274787,4.009375594456667,Feynman17,c,4.024899132160363
5.0,1.0,12.547283211538595,1.0,4.012764551901226,4.005891195821836,Feynman17,c,4.012223457707361
5.0,1.0,10.009862324132767,1.0,4.020111272281426,4.020700607274025,Feynman17,c,4.020995538785088
5.0,1.0,7.201155348727226,1.0,4.039134791324641,4.050378299715436,Feynman17,c,4.039085938276942
5.0,1.0,4.374084903172349,1.0,4.108818286814003,4.091254717276431,Feynman17,c,4.109854865646321
5.0,1.0,5.528173514284701,1.0,4.067094678980026,4.058778929661729,Feynman17,c,4.065883550441895
5.0,1.0,12.607019303145924,1.0,4.012643300652801,4.003744747723387,Feynman17,c,4.012089994573278
5.0,1.0,9.631558870414349,1.0,4.021735291583778,4.057796728942476,Feynman17,c,4.022813281127841
5.0,1.0,13.926494377748245,1.0,4.010352131770123,3.999329755235553,Feynman17,c,4.009847783343192
5.0,1.0,16.546352735077235,1.0,4.00732516050172,4.008878599940502,Feynman17,c,4.007420054532722
5.0,1.0,3.2291185126047823,1.0,4.2068058450916705,4.209015713537389,Feynman17,c,4.200461227364658
5.0,1.0,5.874788420710447,1.0,4.059239422629435,4.02895636085535,Feynman17,c,4.057934909742351
5.0,1.0,4.4362149746631765,1.0,4.105670578342935,4.113288131033167,Feynman17,c,4.106559353497369
5.0,1.0,19.727132988262927,1.0,4.005149203114716,3.9869552444876017,Feynman17,c,4.005713209744683
5.0,1.0,11.957809167388085,1.0,4.01406086484145,4.001320759002366,Feynman17,c,4.013715010369718
5.0,1.0,14.346685820896715,1.0,4.009752430188092,4.014282086260685,Feynman17,c,4.009355144287076
5.0,1.0,19.537597653473952,1.0,4.005249790847983,4.006752670104447,Feynman17,c,4.005723540091389
5.0,1.0,14.654275793454717,1.0,4.009345903254305,3.9992543566575613,Feynman17,c,4.009038213481819
5.0,1.0,19.504289139889114,1.0,4.005267772319911,3.9863093208781217,Feynman17,c,4.005726415472883
5.0,1.0,5.059656767304102,1.0,4.0804905534495415,4.060442284425393,Feynman17,c,4.079888946870622
5.0,1.0,9.342091204786822,1.0,4.0231149878210175,4.0110454118564505,Feynman17,c,4.0242922207311125
5.0,1.0,18.11264855578706,1.0,4.006110268715591,4.013284161857667,Feynman17,c,4.006231141629224
5.0,1.0,4.680238949200869,1.0,4.094554974740516,4.103400832018394,Feynman17,c,4.094820342363947
5.0,1.0,8.153174862713572,1.0,4.030430602308923,4.043843401443021,Feynman17,c,4.031364757690284
5.0,1.0,12.374966838638862,1.0,4.013124272871366,4.024993628792082,Feynman17,c,4.012626283293756
5.0,1.0,11.92446294187779,1.0,4.014140034024238,4.012316587752511,Feynman17,c,4.01380915293746
5.0,1.0,19.998929071676866,1.0,4.005009932095798,3.9801458914163206,Feynman17,c,4.005710307849473
5.0,1.0,7.629558576364513,1.0,4.034807378805794,4.023311063474474,Feynman17,c,4.035267651316818
5.0,1.0,11.03710542202662,1.0,4.01651975361801,3.9924072500393555,Feynman17,c,4.016709490105807
5.0,1.0,7.434970282722809,1.0,4.036678644480651,4.049717509884201,Feynman17,c,4.036917159568559
5.0,1.0,6.860103157436024,1.0,4.043187521566239,4.0581264420834025,Feynman17,c,4.042705915906491
5.0,1.0,7.9403909377860185,1.0,4.032103342444166,4.021653747547679,Feynman17,c,4.032869623118746
5.0,1.0,11.686741953223882,1.0,4.014724344278126,4.013485580248877,Feynman17,c,4.014511341887336
5.0,1.0,18.96053223187498,1.0,4.005574887897498,4.003447450869536,Feynman17,c,4.005831457447737
5.0,1.0,10.885983892669051,1.0,4.016984544350224,4.033083178426512,Feynman17,c,4.017278933757525
5.0,1.0,4.093326556353985,1.0,4.124988465966396,4.132826795626684,Feynman17,c,4.126491737318361
5.0,1.0,16.938326926241686,1.0,4.006989177587439,4.012382717777997,Feynman17,c,4.007100646652574
5.0,1.0,18.23972804549333,1.0,4.00602523081624,3.9901000374443787,Feynman17,c,4.006154672822091
5.0,1.0,14.765114430018924,1.0,4.009205631478624,3.9973123797722736,Feynman17,c,4.008931019260801
5.0,1.0,18.78423112308623,1.0,4.00568025027938,4.010959425181334,Feynman17,c,4.005891447948703
5.0,1.0,16.859344036222474,1.0,4.0070549907341135,4.010351634617801,Feynman17,c,4.007164685676093
5.0,1.0,4.909803763457328,1.0,4.085640176060248,4.081759806926145,Feynman17,c,4.085349585070349
5.0,1.0,19.064003151526137,1.0,4.005514411247237,3.9938889189730875,Feynman17,c,4.005802319724593
5.0,1.0,14.462600123301533,1.0,4.009596169080076,3.9918364643887103,Feynman17,c,4.009232007154831
5.0,1.0,4.075268425183396,1.0,4.126151672541703,4.14083873009548,Feynman17,c,4.127666733655079
5.0,1.0,13.257101762085805,1.0,4.011428545926737,4.025546091838542,Feynman17,c,4.010829729330796
5.0,1.0,8.746693472072085,1.0,4.026401307349205,4.026308216979786,Feynman17,c,4.027601821666721
5.0,1.0,16.026467436659797,1.0,4.007809528270452,4.017559533283663,Feynman17,c,4.007845650350927
5.0,1.0,14.422338801385049,1.0,4.009650015398206,4.0129718824193015,Feynman17,c,4.009274232701268
5.0,1.0,16.78402490295951,1.0,4.007118621549589,4.010897320093774,Feynman17,c,4.007225954133921
5.0,1.0,7.5223150381360835,1.0,4.035820397799367,4.054010504402272,Feynman17,c,4.036160863188923
5.0,1.0,11.672439217848964,1.0,4.014760651220348,4.024439121912169,Feynman17,c,4.014555334427987
5.0,1.0,8.16694661313085,1.0,4.030326890744571,4.040112109150474,Feynman17,c,4.031270639542249
5.0,1.0,16.019676589529254,1.0,4.007816170118823,3.996876540619557,Feynman17,c,4.007851215362403
5.0,1.0,11.148184766120377,1.0,4.016190200053661,4.023310620689763,Feynman17,c,4.016304782762324
5.0,1.0,14.948553638986581,1.0,4.008980329575034,4.00507195634113,Feynman17,c,4.00876016345614
5.0,1.0,6.844025399252834,1.0,4.043393986992761,4.053798989355798,Feynman17,c,4.042892317844833
5.0,1.0,11.115124956579015,1.0,4.016287242478319,3.9940440769444163,Feynman17,c,4.0164239999039095
5.0,1.0,9.804595974136154,1.0,4.020968877764265,4.052870101093521,Feynman17,c,4.021965954554639
5.0,1.0,7.92675671713409,1.0,4.032215213416262,4.029048459812494,Feynman17,c,4.032969517955803
5.0,1.0,17.388895234094512,1.0,4.006630783729139,4.033862664776087,Feynman17,c,4.006742991682126
5.0,1.0,4.272920571882338,1.0,4.114257444084785,4.117999701821843,Feynman17,c,4.115509645212866
5.0,1.0,18.984308405145832,1.0,4.005560903415136,4.006908941282093,Feynman17,c,4.005824364523588
5.0,1.0,14.030532238026868,1.0,4.010198591221999,4.001134409989428,Feynman17,c,4.009718283705303
5.0,1.0,17.550187509727515,1.0,4.006509169110237,4.016363291098327,Feynman17,c,4.006620190650776
5.0,1.0,3.5734406793813,1.0,4.166467152575418,4.1679219784241335,Feynman17,c,4.1662360244881995
5.0,1.0,4.862508921746184,1.0,4.087369467013483,4.0630539474026275,Feynman17,c,4.087186758953968
5.0,1.0,6.791864437459153,1.0,4.044074169738776,4.055835005170156,Feynman17,c,4.043507974478279
5.0,1.0,7.931169945727407,1.0,4.032178937989477,4.029560256137257,Feynman17,c,4.03293713458054
5.0,1.0,15.852975819855253,1.0,4.007981910017558,4.015969082547799,Feynman17,c,4.007988025018737
5.0,1.0,4.940145305600261,1.0,4.084557940741658,4.065987405451741,Feynman17,c,4.0842004365015585
5.0,1.0,8.996700146563832,1.0,4.024940816518295,4.040586854803031,Feynman17,c,4.026164502249305
5.0,1.0,15.322673207239145,1.0,4.008545765121908,4.021922936205955,Feynman17,c,4.008430751421752
5.0,1.0,18.526349054676594,1.0,4.005839835044239,3.997679271458879,Feynman17,c,4.006002134030716
5.0,1.0,14.669952322850609,1.0,4.00932586971282,4.035947598209855,Feynman17,c,4.0090228512886945
5.0,1.0,12.062244098645284,1.0,4.0138171833061,4.016200428071914,Feynman17,c,4.013427052997677
5.0,1.0,14.141581593903943,1.0,4.010038446413121,3.999754302184282,Feynman17,c,4.00958578659333
5.0,1.0,14.66500567457129,1.0,4.0093321842241005,3.9951539064586337,Feynman17,c,4.009027691331663
5.0,1.0,7.03239343546833,1.0,4.041064995439775,4.050343493873712,Feynman17,c,4.040801581784529
5.0,1.0,18.955919740413503,1.0,4.0055776069495845,4.020804851293683,Feynman17,c,4.005832860964331
5.0,1.0,4.451720624453678,1.0,4.104906582514214,4.101994091694726,Feynman17,c,4.105757208314254
5.0,1.0,9.24833795648021,1.0,4.023590185652619,4.023597275147299,Feynman17,c,4.02478837641378
5.0,1.0,7.7511122426665,1.0,4.03371050218262,4.016907182073217,Feynman17,c,4.034298297101233
5.0,1.0,5.4461672362950715,1.0,4.06918357883552,4.060680226234033,Feynman17,c,4.068037532085157
5.0,1.0,6.122801691969325,1.0,4.054441010787525,4.043751299979542,Feynman17,c,4.053225293511087
5.0,1.0,14.451986224422654,1.0,4.009610320444611,4.01492434119853,Feynman17,c,4.009243084365218
5.0,1.0,16.837287038027046,1.0,4.007073536136353,4.011919914561602,Feynman17,c,4.007182610154714
5.0,1.0,10.049088041598703,1.0,4.019953399140509,4.045139524767425,Feynman17,c,4.020814358175411
5.0,1.0,7.1242991292319555,1.0,4.039996484780594,4.060365828426586,Feynman17,c,4.039850230237619
5.0,1.0,12.571401064218177,1.0,4.012715388509671,4.0212924574738365,Feynman17,c,4.012169195017214
5.0,1.0,14.037668627630367,1.0,4.010188184814346,4.000016879251947,Feynman17,c,4.009709595602421
5.0,1.0,15.124518747833571,1.0,4.008771899294814,4.01597012090215,Feynman17,c,4.008602574449297
5.0,1.0,12.326770965215236,1.0,4.013227612106683,4.000889154680738,Feynman17,c,4.012743771613216
5.0,1.0,8.511072388859661,1.0,4.027898872680238,4.0252185453990155,Feynman17,c,4.029029887746468
5.0,1.0,13.73893933376626,1.0,4.010637838293626,4.008671934322514,Feynman17,c,4.010095554669824
5.0,1.0,19.603988000400633,1.0,4.005214224012185,3.9895275731688016,Feynman17,c,4.005718818564421
5.0,1.0,9.155339542547697,1.0,4.024076227643778,4.036705200721431,Feynman17,c,4.025289230608688
5.0,1.0,17.937570658834233,1.0,4.00623040835259,3.990962879678291,Feynman17,c,4.006344220513055
5.0,1.0,6.4818363654125974,1.0,4.048469929024121,4.088532342681015,Feynman17,c,4.047549685788325
5.0,1.0,5.1356689463484315,1.0,4.078055847851778,4.096603367622084,Feynman17,c,4.077316581621308
5.0,1.0,16.685431837649496,1.0,4.007203225038301,4.017112301923201,Feynman17,c,4.007306367995196
5.0,1.0,6.891821193490744,1.0,4.042784528839642,4.028785629803369,Feynman17,c,4.042342706085102
5.0,1.0,12.637759354169289,1.0,4.012581578250622,4.025961947256816,Feynman17,c,4.012022533820588
5.0,1.0,19.279947679409613,1.0,4.005391326551272,4.017326630557798,Feynman17,c,4.0057557521004625
5.0,1.0,7.449293717716133,1.0,4.036535792793496,4.032746532380609,Feynman17,c,4.036791269134026
5.0,1.0,10.852790551692767,1.0,4.017089265714682,3.9944256337383153,Feynman17,c,4.017406898861959
5.0,1.0,12.160955297604925,1.0,4.013592643851922,4.021692291279836,Feynman17,c,4.0131644038051295
5.0,1.0,10.616411384679314,1.0,4.017863900246549,4.002990898656345,Feynman17,c,4.018347914994704
5.0,1.0,19.05896118715492,1.0,4.005517335299797,3.990089147668236,Feynman17,c,4.00580363566265
5.0,1.0,4.012904750817967,1.0,4.130298269896553,4.113447388624738,Feynman17,c,4.131829058194055
5.0,1.0,11.407414298844301,1.0,4.0154585047973885,4.025160925958307,Feynman17,c,4.015406447118741
5.0,1.0,10.91160613502174,1.0,4.0169043672437805,4.012488867939015,Feynman17,c,4.017180865526223
5.0,1.0,11.072038651797481,1.0,4.016415034045482,4.014293273658816,Feynman17,c,4.016580943459879
5.0,1.0,13.567944998954045,1.0,4.010908766161474,4.016025444149736,Feynman17,c,4.010339017413151
5.0,1.0,7.241774135035333,1.0,4.038690639607944,4.050710882431842,Feynman17,c,4.038692847880457
5.0,1.0,10.190337741449508,1.0,4.01940007621435,4.014523115634642,Feynman17,c,4.020173268165248
5.0,1.0,16.701997335271532,1.0,4.007188904889127,3.9933317577032375,Feynman17,c,4.0072928436450805
5.0,1.0,5.25879364679868,1.0,4.074342232522983,4.061766892468576,Feynman17,c,4.073411239386983
5.0,1.0,7.14612015360267,1.0,4.039748947842443,4.055815929175229,Feynman17,c,4.039630429194254
5.0,1.0,18.440699046710495,1.0,4.005894328877898,4.003449437961991,Feynman17,c,4.006044628685794
5.0,1.0,15.522019287659282,1.0,4.008326990150792,4.010152703401281,Feynman17,c,4.008262214085263
5.0,1.0,4.034105430304031,1.0,4.128865618919628,4.101895983540446,Feynman17,c,4.130395680317197
5.0,1.0,8.239311548162622,1.0,4.029790574960301,4.035166761204195,Feynman17,c,4.030782115957826
5.0,1.0,16.134022873500697,1.0,4.007705452794122,4.0240520898117484,Feynman17,c,4.0077575552275
5.0,1.0,10.520796916959489,1.0,4.018192303473321,3.9997498559462277,Feynman17,c,4.01874321241509
5.0,1.0,6.500086351207875,1.0,4.04819320592206,4.05246078854516,Feynman17,c,4.047291881314916
5.0,1.0,17.7974547305098,1.0,4.006329130002132,4.01010964329347,Feynman17,c,4.006440385475179
5.0,1.0,15.35025345124421,1.0,4.008514985824728,4.008776043979767,Feynman17,c,4.0084072126593835
5.0,1.0,8.726671011635725,1.0,4.026523805624694,4.059212123595965,Feynman17,c,4.0277202469966165
5.0,1.0,6.01144110289036,1.0,4.056520054151233,4.044132213030955,Feynman17,c,4.055250533824717
5.0,1.0,7.031553655543244,1.0,4.0410749564397,4.020805474895157,Feynman17,c,4.040810471648414
5.0,1.0,9.298090704068263,1.0,4.023336198036708,4.013981442280678,Feynman17,c,4.0245239998966325
5.0,1.0,15.746836283389326,1.0,4.008090202509851,4.000870011542819,Feynman17,c,4.008075456738461
5.0,1.0,11.863084255723043,1.0,4.014287518353368,3.997748592329817,Feynman17,c,4.013985230024834
5.0,1.0,11.441281391418068,1.0,4.015366596207504,4.015755843237088,Feynman17,c,4.015293884092899
5.0,1.0,9.286435423509355,1.0,4.023395327937497,4.016509291191779,Feynman17,c,4.024585713867405
5.0,1.0,11.174340651861979,1.0,4.016114037567504,4.023333103001039,Feynman17,c,4.016211204514885
5.0,1.0,14.953011149754998,1.0,4.008974958248195,4.018615775491198,Feynman17,c,4.008756101624481
5.0,1.0,10.055705082127183,1.0,4.01992695107956,4.034223414564233,Feynman17,c,4.020783929296445
5.0,1.0,19.278634268720978,1.0,4.005392062660682,4.039094856718948,Feynman17,c,4.005755978798577
5.0,1.0,4.2817631367589595,1.0,4.113765706005228,4.1095903292584826,Feynman17,c,4.115000659529714
5.0,1.0,16.019670126424025,1.0,4.00781617644416,4.007538309898771,Feynman17,c,4.007851220659048
5.0,1.0,10.17291190671341,1.0,4.019467082808454,4.025759464643479,Feynman17,c,4.020251398316882
5.0,1.0,11.82889389666131,1.0,4.014370677576725,4.039092308264154,Feynman17,c,4.014084885998284
5.0,1.0,3.039973260856259,1.0,4.235730031972992,4.222365507294204,Feynman17,c,4.222485830764622
5.0,1.0,12.508490800486783,1.0,4.012844230072794,4.033280003975129,Feynman17,c,4.012311818453494
5.0,1.0,19.44190886500055,1.0,4.0053016976827065,4.003097136841768,Feynman17,c,4.0057327764106025
5.0,1.0,10.789597619384242,1.0,4.017291333735085,4.0256725971957925,Feynman17,c,4.017653373538027
5.0,1.0,10.031950078382867,1.0,4.020022144843547,4.044318052910887,Feynman17,c,4.020893349010382
5.0,1.0,9.796429351078991,1.0,4.021004128983485,4.02849821510998,Feynman17,c,4.022005339683014
5.0,1.0,6.944162875139888,1.0,4.042131794377695,4.0422147739787695,Feynman17,c,4.041756097083542
5.0,1.0,16.447723929490806,1.0,4.007413519689571,4.0046654208561785,Feynman17,c,4.007500762961628
5.0,1.0,3.409344630461124,1.0,4.184026342352294,4.181325917371573,Feynman17,c,4.181662034537022
5.0,1.0,6.960933084908214,1.0,4.041925832896515,4.043428156374675,Feynman17,c,4.041571418405651
5.0,1.0,4.936560724846556,1.0,4.084684713957197,4.08923637161741,Feynman17,c,4.084335016890992
5.0,1.0,3.650092344702858,1.0,4.159130532632514,4.160611180858173,Feynman17,c,4.159542476844847
5.0,1.0,15.284619432025467,1.0,4.0085885078101215,4.004786194573827,Feynman17,c,4.008463365426484
5.0,1.0,12.334808968341887,1.0,4.013210292654829,4.018832511310034,Feynman17,c,4.012724029050757
5.0,1.0,17.644397618448203,1.0,4.006439677350963,4.022181122089262,Feynman17,c,4.006550333958667
5.0,1.0,6.7656823499660685,1.0,4.044421663880753,4.046007545696833,Feynman17,c,4.043823456827616
5.0,1.0,10.968513037747172,1.0,4.016728316564652,4.023013248449237,Feynman17,c,4.0169652733816275
5.0,1.0,7.067237238224162,1.0,4.040654886689256,4.036171405210647,Feynman17,c,4.0404359221597455
5.0,1.0,15.863188637795131,1.0,4.007971604986997,4.00225098254772,Feynman17,c,4.0079796286882035
5.0,1.0,18.25422991503427,1.0,4.006015639665555,3.999599974323507,Feynman17,c,4.00614627163701
5.0,1.0,14.939267769664632,1.0,4.008991534616659,4.0188850193779,Feynman17,c,4.008768637734854
5.0,1.0,16.016708254138493,1.0,4.007819075989801,4.014214965418535,Feynman17,c,4.007853648015463
5.0,1.0,10.580580324936712,1.0,4.017985915716453,4.023886394554578,Feynman17,c,4.018495069317195
5.0,1.0,13.039474033669107,1.0,4.011814918284058,4.016385583132369,Feynman17,c,4.011214193004941
5.0,1.0,4.871707167738045,1.0,4.087029019413158,4.082288028693111,Feynman17,c,4.086825003575039
5.0,1.0,3.029984951130716,1.0,4.23742809249473,4.24236792747519,Feynman17,c,4.223718612923352
5.0,1.0,18.384332525260128,1.0,4.005930608959595,4.012842108933034,Feynman17,c,4.006074068125066
5.0,1.0,10.032980399795358,1.0,4.020018001848451,4.014946061465032,Feynman17,c,4.020888592770039
5.0,1.0,14.931582447713318,1.0,4.009000824201427,3.9867018753797723,Feynman17,c,4.008775664445833
5.0,1.0,9.760326722364685,1.0,4.021161038870649,4.005835903584222,Feynman17,c,4.022180167054789
5.0,1.0,16.037915727342625,1.0,4.007798350337568,3.971733013886042,Feynman17,c,4.007836269589297
5.0,1.0,10.359253693772523,1.0,4.018768143171007,3.999185598056844,Feynman17,c,4.019429995107865
5.0,1.0,12.40545133382885,1.0,4.013059534502819,4.00891979944025,Feynman17,c,4.012553067007604
5.0,1.0,10.584969343224074,1.0,4.017970902575104,4.004583773040776,Feynman17,c,4.018476980743606
5.0,1.0,5.078243160531187,1.0,4.079884704380909,4.105774070896564,Feynman17,c,4.079248121438699
5.0,1.0,16.000354188850807,1.0,4.007835115032378,4.024257120988991,Feynman17,c,4.007867052361925
5.0,1.0,8.221952360899914,1.0,4.029917919064138,4.029980985035152,Feynman17,c,4.030898398475091
5.0,1.0,14.109068398066112,1.0,4.010084940598577,3.9902009776482843,Feynman17,c,4.009623992103133
5.0,1.0,7.935348949561528,1.0,4.032144644496374,4.015335370034591,Feynman17,c,4.032906512888959
5.0,1.0,3.851758810141694,1.0,4.142028457886256,4.141484273811363,Feynman17,c,4.143370125220999
5.0,1.0,14.055454278216326,1.0,4.010162318764614,3.9837912709263352,Feynman17,c,4.009688048429357
5.0,1.0,16.931308192690516,1.0,4.006994988611807,3.982699042937057,Feynman17,c,4.0071063271604315
5.0,1.0,7.8552530290871525,1.0,4.032811639758618,4.035874245698419,Feynman17,c,4.033500847319784
5.0,1.0,13.606116970958633,1.0,4.010847394057397,3.982659657910264,Feynman17,c,4.010283129102432
5.0,1.0,18.070827562425837,1.0,4.006138648426071,4.016226420297323,Feynman17,c,4.006257375997584
5.0,1.0,12.180576574606022,1.0,4.013548664699263,4.0238529747915575,Feynman17,c,4.013113290788416
5.0,1.0,14.914940660749668,1.0,4.009020989316589,3.983453898122697,Feynman17,c,4.008790921321851
5.0,1.0,9.98284877823206,1.0,4.020221089421958,4.022324039087279,Feynman17,c,4.0211211069431405
5.0,1.0,4.8387710887929885,1.0,4.088257445309468,4.093650479617424,Feynman17,c,4.088130413037701
5.0,1.0,18.77920533640713,1.0,4.005683297524951,3.9985144313900154,Feynman17,c,4.0058933480293915
5.0,1.0,8.574868435518649,1.0,4.027481016069755,4.000775044833454,Feynman17,c,4.028635536506471
5.0,1.0,3.4748393886846145,1.0,4.17669239240203,4.196217480863991,Feynman17,c,4.175320223511606
5.0,1.0,15.154305447651119,1.0,4.008737336835755,4.0077900851970885,Feynman17,c,4.0085764058376325
5.0,1.0,16.79891313355118,1.0,4.007105975591501,4.0126114151456305,Feynman17,c,4.007213830291196
5.0,1.0,14.999680607292579,1.0,4.008919009775786,4.02183524256144,Feynman17,c,4.0087138056749465
5.0,1.0,19.517856105600824,1.0,4.0052604371042175,4.021002159197331,Feynman17,c,4.00572520181233
5.0,1.0,10.85283661498066,1.0,4.017089119718215,4.037000056526642,Feynman17,c,4.017406720563945
5.0,1.0,13.235425845952486,1.0,4.01146617132913,3.996918896885847,Feynman17,c,4.010866445126045
5.0,1.0,6.817843888311902,1.0,4.043733401489064,4.045266540408814,Feynman17,c,4.0431992286968725
5.0,1.0,19.226627864814184,1.0,4.005421331669765,3.992722303979917,Feynman17,c,4.005765499654923
5.0,1.0,19.37381962136619,1.0,4.005339103551906,3.9968163442514038,Feynman17,c,4.005741257581709
5.0,1.0,7.340715774672144,1.0,4.03764001803777,4.057778448113851,Feynman17,c,4.037764830335712
5.0,1.0,13.086686398408956,1.0,4.011729448892067,4.00963608526745,Feynman17,c,4.0111277460426935
5.0,1.0,19.13711934035082,1.0,4.005472268154784,4.007807234933833,Feynman17,c,4.005784423580155
5.0,1.0,15.145468080076569,1.0,4.008747569749563,4.0155250832169225,Feynman17,c,4.008584155933493
5.0,1.0,7.094396265865782,1.0,4.040339493878617,4.0555598872782985,Feynman17,c,4.040155159876702
5.0,1.0,11.16340158708323,1.0,4.01614582502889,4.022809213968937,Feynman17,c,4.016250261460995
5.0,1.0,3.032779275298262,1.0,4.236951147128313,4.205908087702447,Feynman17,c,4.22337300208322
5.0,1.0,11.662088069349455,1.0,4.0147870111924595,3.9996068053412572,Feynman17,c,4.014587296461602
5.0,1.0,14.90991450689359,1.0,4.009027092926357,3.9990211832176485,Feynman17,c,4.00879554044403
5.0,1.0,18.001865693692697,1.0,4.006185879965564,3.9904818450797848,Feynman17,c,4.006301720617412
5.0,1.0,8.220060258010552,1.0,4.029931848729607,4.016416749056177,Feynman17,c,4.030911107028844
5.0,1.0,12.700389916746065,1.0,4.012457216053144,4.0253781687855765,Feynman17,c,4.011887622466025
5.0,1.0,15.186834120332499,1.0,4.008699825857713,4.010471832476978,Feynman17,c,4.008547976371376
5.0,1.0,11.116951764775449,1.0,4.016281857347128,4.006307137647225,Feynman17,c,4.016417384916031
5.0,1.0,17.498962214585486,1.0,4.006547427660804,3.992331338967174,Feynman17,c,4.006658784234479
5.0,1.0,5.528286506368389,1.0,4.067091866935975,4.069114427208422,Feynman17,c,4.06588066068381
5.0,1.0,14.474898005860164,1.0,4.009579811584663,4.012768696717299,Feynman17,c,4.009219220482659
5.0,1.0,6.508704984958018,1.0,4.048063350297129,4.041162424076765,Feynman17,c,4.047171063212314
5.0,1.0,15.076827588408387,1.0,4.008827665903985,4.014636492306499,Feynman17,c,4.008644758941094
5.0,1.0,3.9348428686452728,1.0,4.13578824133108,4.107251117702771,Feynman17,c,4.137274488354602
5.0,1.0,12.47994197261179,1.0,4.012903346593472,3.9996030822311277,Feynman17,c,4.012377703815171
5.0,1.0,14.974900825280212,1.0,4.008948650947124,3.9753918312728427,Feynman17,c,4.008736211444937
5.0,1.0,14.281569091466775,1.0,4.009841894466438,4.032988866487002,Feynman17,c,4.009426514163497
5.0,1.0,17.320210593593476,1.0,4.006683609922638,4.01017702466458,Feynman17,c,4.006796323061633
5.0,1.0,17.730405526770006,1.0,4.0063772036699286,3.985900550269262,Feynman17,c,4.006487968826492
5.0,1.0,4.2592660756827065,1.0,4.11502315085227,4.090838796614641,Feynman17,c,4.116301272069017
5.0,1.0,4.169219579606357,1.0,4.120274063634688,4.149692360093356,Feynman17,c,4.121697730035927
5.0,1.0,5.529903511764392,1.0,4.067051643899648,4.077352727946749,Feynman17,c,4.065839329070243
5.0,1.0,5.570401939336179,1.0,4.066056021857125,4.068075397386994,Feynman17,c,4.064818108230275
5.0,1.0,3.845099837951433,1.0,4.142547446914614,4.132300123117714,Feynman17,c,4.143872485599552
5.0,1.0,16.087596872404525,1.0,4.007750119675084,4.0187246956142,Feynman17,c,4.007795572625116
5.0,1.0,5.643111701542004,1.0,4.064323747922927,4.085671020612603,Feynman17,c,4.063050158121497
5.0,1.0,11.437384983245645,1.0,4.015377128421466,4.023319024896724,Feynman17,c,4.015306777823634
5.0,1.0,5.974131365073102,1.0,4.057243492155336,4.047851744220642,Feynman17,c,4.055960853415884
5.0,1.0,10.90595500087711,1.0,4.016922001794979,3.995860032350626,Feynman17,c,4.01720244185472
5.0,1.0,6.006392308000844,1.0,4.056617139974861,4.061775225351728,Feynman17,c,4.055345694387256
5.0,1.0,15.710916688419667,1.0,4.008127350726756,3.9985594354054323,Feynman17,c,4.008105130905776
5.0,1.0,9.52532441847362,1.0,4.022226886753852,4.052190200289206,Feynman17,c,4.023346967214085
5.0,1.0,19.422697965444957,1.0,4.005312211550127,4.020434035754089,Feynman17,c,4.0057350025474525
5.0,1.0,10.479784061841972,1.0,4.018335956517452,4.022897783343404,Feynman17,c,4.018915331310114
5.0,1.0,10.297354420645188,1.0,4.01899607350189,3.996844288985333,Feynman17,c,4.019699398554945
5.0,1.0,10.258305611187986,1.0,4.019142009709882,4.025768663989482,Feynman17,c,4.019871119381273
5.0,1.0,8.927673772805544,1.0,4.025331664353608,4.01601247325273,Feynman17,c,4.026553977950819
5.0,1.0,9.741145996452897,1.0,4.021245120607461,4.037225197253515,Feynman17,c,4.022273525402469
5.0,1.0,13.129544014168012,1.0,4.011652664661411,3.993574258086252,Feynman17,c,4.01105075354237
5.0,1.0,13.39485560164978,1.0,4.011193707784732,3.9870664782912226,Feynman17,c,4.010604188402316
5.0,1.0,4.466072220429792,1.0,4.104206903094603,4.092465456838994,Feynman17,c,4.105021861773565
5.0,1.0,5.196656151135487,1.0,4.0761821268656515,4.077627361199175,Feynman17,c,4.075342963713847
5.0,1.0,19.976467547840294,1.0,4.005021225991695,4.025776698997035,Feynman17,c,4.005710308006446
5.0,1.0,8.21232922072225,1.0,4.029988866223757,4.0539960255528475,Feynman17,c,4.030963103663093
5.0,1.0,6.661724921182165,1.0,4.045843008172216,4.056683870858387,Feynman17,c,4.0451208506557945
5.0,1.0,7.388172114681845,1.0,4.037151289922891,4.044632474646296,Feynman17,c,4.037333782624339
5.0,1.0,4.721207792843844,1.0,4.092863727456502,4.108904258030058,Feynman17,c,4.093024923225567
5.0,1.0,17.563389258709243,1.0,4.006499363531847,4.000006419194989,Feynman17,c,4.006610311333002
5.0,1.0,17.688937163004738,1.0,4.006407210974747,4.014402646575249,Feynman17,c,4.006517859780623
5.0,1.0,14.201259785756648,1.0,4.009953939695456,3.9910372522812705,Feynman17,c,4.009516874231162
5.0,1.0,6.787498539545105,1.0,4.044131829402272,4.048776593063394,Feynman17,c,4.043560277196901
5.0,1.0,6.7735589629796,1.0,4.04431669049716,4.032375238427255,Feynman17,c,4.043728084659009
5.0,1.0,16.268336530004483,1.0,4.007578383116545,4.014021990352259,Feynman17,c,4.0076476008051705
5.0,1.0,5.610591604807956,1.0,4.065089927160783,4.067560919746661,Feynman17,c,4.063830681149708
5.0,1.0,10.27436615420063,1.0,4.019081783621155,4.011426604707151,Feynman17,c,4.019800326216498
5.0,1.0,11.308253908564799,1.0,4.0157324086212105,3.9984960372405793,Feynman17,c,4.015742414676903
5.0,1.0,17.506989881432673,1.0,4.006541409779825,4.024719319237631,Feynman17,c,4.00665270955011
5.0,1.0,5.911356322458087,1.0,4.058492669167496,4.049459825232909,Feynman17,c,4.05719393073766
5.0,1.0,17.194050901315677,1.0,4.006782300949893,4.008587722660763,Feynman17,c,4.006895592111689
5.0,1.0,5.334818491478199,1.0,4.0721811818094125,4.057374967489334,Feynman17,c,4.071151711225686
5.0,1.0,15.92436570513642,1.0,4.007910291718057,4.000403757831772,Feynman17,c,4.007929379442666
5.0,1.0,19.765488348015285,1.0,4.005129199805637,3.979858348692688,Feynman17,c,4.00571217113486
5.0,1.0,12.951437504543986,1.0,4.011976810997865,4.034753491567266,Feynman17,c,4.011380047867734
5.0,1.0,6.5964807634610585,1.0,4.046770381908648,4.058055877984962,Feynman17,c,4.045973610170721
5.0,1.0,14.913997923897988,1.0,4.009022133675525,4.024257699968709,Feynman17,c,4.008791787312956
5.0,1.0,9.08470521928588,1.0,4.024455526135487,4.027434850199791,Feynman17,c,4.025675615438089
